8939	1
684	2
66	3
3670	4
2967	5
5217	6
5042	7
25	8
7691	9
5090	10
991	11
8567	12
6965	13
9147	14
5633	15
7605	16
6384	17
942	18
66	19
8526	20
5980	21
4377	22
4205	23
5965	24
8047	25
9132	26
5912	27
3223	28
8026	29
8491	30
9389	31
7120	32
5154	33
2955	34
4363	35
2698	36
7260	37
3551	38
6512	39
8579	40
2585	41
4563	42
7	43
5393	44
1214	45
9391	46
2589	47
7372	48
2059	49
5860	50
263	51
1821	52
57	53
1030	54
5867	55
3073	56
5654	57
8544	58
6994	59
6800	60
4056	61
156	62
2336	63
6411	64
5417	65
7772	66
296	67
8361	68
3826	69
3245	70
7507	71
8896	72
4544	73
938	74
3705	75
4572	76
4682	77
2608	78
5829	79
2629	80
5991	81
6402	82
3804	83
3656	84
8684	85
972	86
3983	87
7681	88
434	89
5109	90
4474	91
4584	92
8887	93
7126	94
9136	95
3488	96
3612	97
6378	98
8410	99
7839	100
9645	101
514	102
973	103
9483	104
7551	105
15	106
9063	107
1950	108
3895	109
7969	110
1171	111
951	112
1550	113
8108	114
6578	115
1976	116
9552	117
9176	118
7193	119
2691	120
162	121
4684	122
9238	123
4258	124
6582	125
3333	126
5121	127
7392	128
8910	129
8154	130
7	131
3451	132
7952	133
579	134
864	135
9218	136
6191	137
8095	138
6610	139
1619	140
838	141
2982	142
9117	143
2550	144
2328	145
9182	146
3328	147
4167	148
1467	149
3858	150
4740	151
6177	152
3045	153
58	154
4683	155
5260	156
266	157
4021	158
5538	159
5525	160
8492	161
8771	162
188	163
7422	164
315	165
8808	166
7609	167
586	168
836	169
5445	170
385	171
607	172
7767	173
897	174
4910	175
468	176
6136	177
3992	178
996	179
7097	180
2194	181
3553	182
4222	183
249	184
8371	185
6565	186
8006	187
1931	188
7238	189
319	190
1098	191
1050	192
6188	193
4804	194
2349	195
7623	196
8957	197
5725	198
9114	199
4723	200
342	201
4339	202
7533	203
5034	204
5866	205
2092	206
536	207
6434	208
1109	209
1433	210
482	211
1081	212
2558	213
2473	214
5458	215
6471	216
7625	217
3396	218
7531	219
4293	220
7179	221
9630	222
8832	223
6768	224
8818	225
6870	226
6924	227
375	228
229	229
752	230
9169	231
8072	232
7393	233
4921	234
6103	235
6911	236
1824	237
185	238
8449	239
1714	240
9196	241
7896	242
954	243
4250	244
8413	245
8915	246
9471	247
1653	248
4797	249
5515	250
4510	251
7778	252
1112	253
3766	254
7720	255
613	256
4743	257
3936	258
9555	259
4185	260
3437	261
5343	262
6648	263
1389	264
212	265
169	266
5836	267
7630	268
4835	269
7693	270
6731	271
4332	272
4983	273
9504	274
4384	275
5662	276
8423	277
224	278
7320	279
1398	280
9551	281
8889	282
6123	283
3960	284
415	285
2563	286
392	287
122	288
7797	289
2003	290
6959	291
1	292
1452	293
4350	294
8782	295
88	296
1276	297
6956	298
8583	299
9242	300
8550	301
5598	302
928	303
1166	304
3750	305
4305	306
5641	307
4491	308
4961	309
5108	310
5401	311
8834	312
9288	313
5693	314
2511	315
1446	316
6286	317
5048	318
2776	319
6229	320
5250	321
5439	322
2382	323
289	324
4909	325
2088	326
6760	327
5184	328
1065	329
196	330
417	331
9162	332
4814	333
7448	334
2234	335
2477	336
9604	337
3138	338
4214	339
4558	340
1972	341
3145	342
5228	343
3844	344
7951	345
3463	346
5208	347
7900	348
3466	349
4070	350
792	351
3772	352
811	353
1952	354
7067	355
3013	356
8412	357
7985	358
1061	359
4263	360
293	361
8850	362
3728	363
8901	364
1020	365
522	366
5819	367
7587	368
1638	369
4809	370
1625	371
7430	372
6334	373
575	374
220	375
7825	376
5843	377
4186	378
2572	379
4631	380
216	381
3834	382
9016	383
3135	384
2951	385
3269	386
7187	387
2274	388
6589	389
4545	390
5251	391
788	392
8783	393
5587	394
9061	395
8861	396
1365	397
2767	398
3754	399
5222	400
9399	401
8761	402
1961	403
5484	404
2142	405
5230	406
2198	407
4000	408
1437	409
7823	410
4525	411
6621	412
9493	413
515	414
1689	415
913	416
3055	417
1616	418
2435	419
2080	420
7929	421
5600	422
5366	423
2027	424
1686	425
3360	426
6608	427
2648	428
6021	429
800	430
2361	431
4601	432
9230	433
7861	434
3941	435
6537	436
6239	437
292	438
8046	439
3080	440
8494	441
6536	442
3564	443
9371	444
8590	445
7696	446
6988	447
1526	448
9357	449
2646	450
7271	451
8147	452
4859	453
292	454
8014	455
6305	456
2029	457
4915	458
4408	459
3123	460
3083	461
2746	462
4213	463
5971	464
9222	465
5994	466
8616	467
3215	468
3478	469
7708	470
5831	471
347	472
5844	473
9	474
6715	475
5186	476
1612	477
783	478
3175	479
2597	480
4253	481
2976	482
7945	483
4081	484
8658	485
6382	486
8372	487
2623	488
786	489
4065	490
3361	491
3580	492
6600	493
1009	494
7981	495
3690	496
303	497
2044	498
1027	499
7428	500
199	501
7532	502
4489	503
6690	504
2356	505
7608	506
9028	507
6670	508
5999	509
7440	510
8542	511
8330	512
843	513
2281	514
1996	515
1037	516
8222	517
6344	518
1680	519
4088	520
3823	521
3436	522
1025	523
5581	524
3391	525
2526	526
7884	527
998	528
215	529
8497	530
7552	531
9297	532
7476	533
3827	534
7073	535
982	536
9655	537
9605	538
7601	539
7058	540
61	541
23	542
3619	543
7979	544
3831	545
2052	546
859	547
9100	548
2548	549
1127	550
4319	551
5919	552
1234	553
1604	554
683	555
6168	556
5530	557
6889	558
7306	559
1630	560
5975	561
8122	562
7523	563
5397	564
5216	565
9039	566
2500	567
7982	568
8270	569
47	570
4004	571
3774	572
4580	573
4951	574
7602	575
7133	576
3993	577
8770	578
5511	579
7758	580
209	581
289	582
5331	583
5137	584
2227	585
4632	586
6817	587
5959	588
3510	589
4235	590
5502	591
3166	592
1954	593
6604	594
5165	595
7443	596
5645	597
9596	598
2436	599
6672	600
3637	601
3791	602
2551	603
3775	604
3	605
6717	606
1845	607
1216	608
260	609
771	610
7185	611
1629	612
436	613
6387	614
1033	615
7317	616
6134	617
187	618
3640	619
9367	620
796	621
3877	622
2891	623
2599	624
278	625
1066	626
6614	627
4976	628
3533	629
7699	630
8776	631
7456	632
6481	633
2639	634
86	635
1330	636
6514	637
2852	638
3229	639
6416	640
2748	641
2470	642
757	643
9474	644
7550	645
7224	646
7419	647
826	648
2896	649
6459	650
5628	651
9466	652
9219	653
6529	654
2557	655
4788	656
4196	657
5660	658
7538	659
5908	660
2697	661
3327	662
2471	663
1554	664
1000	665
1423	666
7639	667
6023	668
8737	669
6683	670
7162	671
4283	672
2958	673
5097	674
7787	675
5258	676
6757	677
960	678
7785	679
6716	680
2219	681
7953	682
1908	683
5614	684
6736	685
739	686
7184	687
535	688
4742	689
2440	690
3872	691
1627	692
4732	693
1742	694
825	695
7344	696
7410	697
1458	698
8145	699
4334	700
8389	701
7938	702
1539	703
4490	704
7322	705
9110	706
7875	707
6485	708
920	709
304	710
21	711
8604	712
1259	713
6244	714
7816	715
8099	716
8268	717
6058	718
806	719
7329	720
1129	721
4498	722
8118	723
5858	724
27	725
259	726
2678	727
8317	728
8379	729
8534	730
3575	731
5601	732
1121	733
134	734
9352	735
656	736
2081	737
9154	738
7645	739
8830	740
842	741
5162	742
4307	743
2970	744
4629	745
2068	746
8040	747
5344	748
3321	749
1974	750
8930	751
4813	752
1021	753
8623	754
9648	755
8456	756
1577	757
3623	758
7220	759
3955	760
706	761
2843	762
8401	763
253	764
8984	765
6450	766
12	767
5524	768
3958	769
9491	770
4795	771
7574	772
1960	773
6139	774
658	775
8173	776
236	777
7561	778
889	779
6647	780
4254	781
7205	782
4331	783
8733	784
2901	785
4689	786
1995	787
8417	788
527	789
2598	790
5242	791
398	792
1846	793
2827	794
323	795
335	796
5521	797
4441	798
6446	799
374	800
7390	801
244	802
244	803
2207	804
4935	805
9427	806
4372	807
6949	808
4368	809
7547	810
4284	811
1956	812
9650	813
9373	814
238	815
6885	816
8562	817
8447	818
5927	819
2829	820
2787	821
2233	822
2425	823
1798	824
61	825
6968	826
8197	827
7624	828
7432	829
248	830
5114	831
8278	832
5014	833
8480	834
8882	835
2402	836
4039	837
6620	838
8628	839
8601	840
6020	841
6887	842
3560	843
2160	844
1606	845
9060	846
5755	847
178	848
8015	849
6279	850
3759	851
883	852
1825	853
926	854
274	855
3405	856
5604	857
2453	858
3546	859
5408	860
8580	861
6531	862
7482	863
7211	864
4018	865
3647	866
6718	867
3131	868
3597	869
667	870
2579	871
9505	872
4191	873
698	874
1853	875
3286	876
8097	877
879	878
7217	879
7717	880
1864	881
6408	882
856	883
8151	884
3358	885
5679	886
827	887
6303	888
894	889
9231	890
8013	891
152	892
152	893
1219	894
7471	895
3651	896
7336	897
3752	898
7397	899
7817	900
4977	901
6163	902
1538	903
6362	904
2215	905
6815	906
7934	907
3822	908
6898	909
2817	910
493	911
3957	912
7807	913
6819	914
4114	915
7871	916
7287	917
3751	918
2087	919
9191	920
7974	921
7578	922
3655	923
9585	924
154	925
4696	926
7445	927
4182	928
4241	929
3172	930
2788	931
8298	932
175	933
6225	934
4816	935
89	936
6491	937
8657	938
5747	939
28	940
255	941
3168	942
3428	943
78	944
918	945
8806	946
6277	947
9488	948
8879	949
8772	950
4277	951
5325	952
5295	953
3054	954
4062	955
1069	956
6764	957
5730	958
6897	959
2842	960
4772	961
2912	962
6996	963
7021	964
3617	965
9118	966
749	967
440	968
6327	969
5680	970
2679	971
1	972
283	973
4666	974
4432	975
1228	976
1838	977
4001	978
2158	979
3912	980
1753	981
3030	982
5666	983
6659	984
5905	985
4678	986
8764	987
2871	988
9033	989
6	990
7114	991
170	992
446	993
3476	994
8508	995
3249	996
8444	997
6551	998
1378	999
8000	1000
7082	1001
1026	1002
2348	1003
2200	1004
699	1005
4227	1006
8690	1007
6258	1008
9015	1009
5818	1010
2673	1011
3682	1012
7688	1013
529	1014
120	1015
2521	1016
6613	1017
8200	1018
3557	1019
4512	1020
1045	1021
9204	1022
2832	1023
119	1024
1442	1025
8549	1026
8296	1027
4950	1028
234	1029
5960	1030
4519	1031
6457	1032
2422	1033
9416	1034
8602	1035
6313	1036
6105	1037
6160	1038
2611	1039
7764	1040
793	1041
9031	1042
6770	1043
8425	1044
5653	1045
1188	1046
3003	1047
302	1048
8960	1049
291	1050
1597	1051
1509	1052
52	1053
2700	1054
8067	1055
90	1056
9626	1057
6356	1058
8875	1059
4725	1060
5284	1061
8978	1062
1884	1063
5470	1064
7168	1065
2032	1066
3919	1067
6533	1068
7617	1069
6575	1070
6412	1071
5093	1072
2341	1073
5900	1074
365	1075
8003	1076
7204	1077
2715	1078
6219	1079
7086	1080
8463	1081
8985	1082
2009	1083
9457	1084
35	1085
1599	1086
1645	1087
585	1088
791	1089
1699	1090
1668	1091
9194	1092
7718	1093
5574	1094
4042	1095
4411	1096
5073	1097
4310	1098
7525	1099
4551	1100
3968	1101
3407	1102
5761	1103
3881	1104
965	1105
727	1106
8231	1107
9536	1108
5013	1109
5305	1110
4785	1111
7889	1112
6085	1113
9566	1114
3900	1115
3425	1116
9098	1117
7330	1118
4798	1119
284	1120
8620	1121
9658	1122
8742	1123
1700	1124
3414	1125
8790	1126
4413	1127
6782	1128
7664	1129
637	1130
6830	1131
6463	1132
232	1133
7315	1134
5029	1135
8557	1136
6703	1137
7131	1138
9092	1139
355	1140
7838	1141
6294	1142
3226	1143
2774	1144
1023	1145
619	1146
7076	1147
1774	1148
863	1149
3745	1150
5194	1151
3620	1152
8218	1153
5672	1154
9282	1155
2810	1156
5516	1157
6452	1158
74	1159
4539	1160
5771	1161
641	1162
1789	1163
9538	1164
1622	1165
3763	1166
4094	1167
919	1168
94	1169
5082	1170
2162	1171
1085	1172
1457	1173
5932	1174
3483	1175
764	1176
834	1177
6618	1178
9497	1179
433	1180
6158	1181
4096	1182
6766	1183
7591	1184
9324	1185
2202	1186
5265	1187
3859	1188
9467	1189
2245	1190
1556	1191
2481	1192
9000	1193
8115	1194
8011	1195
5894	1196
1867	1197
5059	1198
193	1199
8560	1200
3079	1201
3698	1202
6566	1203
126	1204
6617	1205
5868	1206
88	1207
761	1208
723	1209
3971	1210
7573	1211
3298	1212
2564	1213
5278	1214
5017	1215
9659	1216
8009	1217
5281	1218
7822	1219
8588	1220
7294	1221
9264	1222
5838	1223
1428	1224
8153	1225
3200	1226
1830	1227
8284	1228
55	1229
55	1230
4878	1231
4347	1232
8687	1233
205	1234
247	1235
4068	1236
6147	1237
6496	1238
3189	1239
2580	1240
7978	1241
4958	1242
8168	1243
1610	1244
2262	1245
8762	1246
3863	1247
2211	1248
8624	1249
7540	1250
6724	1251
949	1252
8450	1253
7378	1254
6864	1255
4259	1256
794	1257
8319	1258
7965	1259
765	1260
8103	1261
8170	1262
6320	1263
1126	1264
8422	1265
7214	1266
2301	1267
4240	1268
5404	1269
6709	1270
3914	1271
4694	1272
4	1273
8112	1274
3685	1275
2914	1276
9190	1277
2062	1278
7413	1279
9590	1280
4482	1281
3948	1282
2406	1283
518	1284
7658	1285
6702	1286
7516	1287
8500	1288
6353	1289
7980	1290
8135	1291
4100	1292
5451	1293
4075	1294
3789	1295
7061	1296
1758	1297
7886	1298
1091	1299
2375	1300
7118	1301
3967	1302
9158	1303
5206	1304
3032	1305
8305	1306
8610	1307
5746	1308
8134	1309
1308	1310
1718	1311
7107	1312
3308	1313
5834	1314
2468	1315
7679	1316
9404	1317
5155	1318
186	1319
8307	1320
3857	1321
5081	1322
3099	1323
6561	1324
5134	1325
3806	1326
3402	1327
7283	1328
5676	1329
6054	1330
4521	1331
1096	1332
8753	1333
3938	1334
155	1335
5031	1336
5892	1337
7963	1338
5229	1339
6933	1340
5320	1341
8662	1342
5638	1343
7692	1344
2783	1345
6723	1346
7481	1347
6778	1348
7438	1349
4313	1350
2033	1351
8408	1352
2191	1353
5671	1354
5360	1355
9128	1356
5181	1357
7572	1358
7921	1359
5800	1360
2354	1361
8279	1362
1390	1363
1757	1364
181	1365
7172	1366
7907	1367
3344	1368
5141	1369
7821	1370
489	1371
5132	1372
9598	1373
300	1374
6860	1375
4709	1376
9051	1377
8344	1378
8142	1379
2758	1380
4248	1381
8694	1382
1861	1383
9490	1384
4591	1385
6469	1386
138	1387
163	1388
2708	1389
4431	1390
7233	1391
782	1392
8421	1393
1911	1394
7678	1395
8427	1396
4110	1397
5474	1398
1034	1399
6107	1400
2524	1401
6138	1402
7931	1403
7906	1404
3115	1405
8799	1406
11	1407
3062	1408
8039	1409
2070	1410
7466	1411
4557	1412
5856	1413
1296	1414
4383	1415
6784	1416
9509	1417
1472	1418
6651	1419
51	1420
724	1421
7930	1422
1936	1423
6464	1424
7056	1425
5731	1426
7421	1427
8139	1428
4343	1429
8952	1430
9093	1431
2796	1432
9516	1433
7078	1434
8228	1435
5881	1436
2143	1437
8793	1438
6441	1439
82	1440
8668	1441
6443	1442
7829	1443
2596	1444
8242	1445
1490	1446
8128	1447
6634	1448
7820	1449
6129	1450
1525	1451
5632	1452
14	1453
262	1454
1265	1455
2139	1456
3134	1457
5846	1458
7913	1459
2431	1460
1633	1461
9588	1462
8696	1463
784	1464
4701	1465
5096	1466
1601	1467
8195	1468
5382	1469
3471	1470
4546	1471
6763	1472
2727	1473
206	1474
1377	1475
1017	1476
5736	1477
3318	1478
9615	1479
7444	1480
9464	1481
5061	1482
4449	1483
4450	1484
4493	1485
4530	1486
4542	1487
2259	1488
2889	1489
4536	1490
4386	1491
1396	1492
5395	1493
1855	1494
3421	1495
5160	1496
5021	1497
1836	1498
1702	1499
6439	1500
3522	1501
312	1502
530	1503
6217	1504
313	1505
939	1506
4895	1507
1312	1508
475	1509
5015	1510
3576	1511
329	1512
1569	1513
1084	1514
870	1515
622	1516
7369	1517
9251	1518
2519	1519
7684	1520
2428	1521
8531	1522
797	1523
309	1524
852	1525
311	1526
584	1527
310	1528
327	1529
453	1530
987	1531
666	1532
318	1533
324	1534
314	1535
396	1536
5720	1537
6146	1538
28	1539
4516	1540
6810	1541
8493	1542
5362	1543
3023	1544
1674	1545
4076	1546
2299	1547
4142	1548
8913	1549
7128	1550
3559	1551
3812	1552
2040	1553
31	1554
6069	1555
3317	1556
7081	1557
2458	1558
6877	1559
3710	1560
5409	1561
2005	1562
7186	1563
4338	1564
6739	1565
7408	1566
8791	1567
8359	1568
682	1569
7575	1570
2	1571
6495	1572
9406	1573
1192	1574
8448	1575
7043	1576
3041	1577
635	1578
4145	1579
9651	1580
8880	1581
7584	1582
8804	1583
3248	1584
7111	1585
564	1586
20	1587
8211	1588
3870	1589
8993	1590
2098	1591
5077	1592
6904	1593
8024	1594
8710	1595
8909	1596
1676	1597
176	1598
6721	1599
9616	1600
6351	1601
7473	1602
7811	1603
1413	1604
3757	1605
2099	1606
4752	1607
3140	1608
7156	1609
8432	1610
8726	1611
9644	1612
7262	1613
1679	1614
4276	1615
1955	1616
7327	1617
5028	1618
1747	1619
8075	1620
6998	1621
5301	1622
429	1623
2318	1624
2313	1625
821	1626
820	1627
2311	1628
9341	1629
2771	1630
2275	1631
984	1632
2808	1633
2720	1634
3894	1635
1831	1636
2794	1637
6504	1638
2376	1639
1431	1640
5566	1641
1352	1642
2786	1643
2984	1644
8387	1645
4782	1646
1859	1647
8004	1648
5055	1649
8809	1650
4599	1651
7318	1652
3987	1653
6641	1654
5321	1655
3154	1656
6486	1657
1445	1658
4285	1659
4487	1660
264	1661
205	1662
8768	1663
6227	1664
5175	1665
3654	1666
3572	1667
9627	1668
2517	1669
8907	1670
2386	1671
1910	1672
2251	1673
7943	1674
9512	1675
7643	1676
7493	1677
1595	1678
6710	1679
5532	1680
295	1681
4615	1682
3689	1683
6678	1684
5339	1685
1405	1686
1793	1687
2292	1688
3544	1689
8831	1690
5904	1691
16	1692
1602	1693
3178	1694
1823	1695
3487	1696
9635	1697
2513	1698
4839	1699
8260	1700
1664	1701
5603	1702
195	1703
1367	1704
3209	1705
8515	1706
9066	1707
8871	1708
7022	1709
8234	1710
7288	1711
2034	1712
1754	1713
5787	1714
7166	1715
4703	1716
1229	1717
3785	1718
7245	1719
743	1720
5254	1721
5721	1722
4952	1723
6880	1724
1225	1725
9046	1726
2945	1727
3581	1728
8617	1729
4358	1730
8608	1731
1124	1732
5684	1733
7417	1734
1681	1735
675	1736
7279	1737
1394	1738
3214	1739
3412	1740
1335	1741
5313	1742
3336	1743
5016	1744
2	1745
7977	1746
4500	1747
3183	1748
3719	1749
3237	1750
5813	1751
305	1752
1028	1753
5280	1754
1922	1755
1158	1756
6888	1757
7790	1758
4818	1759
2187	1760
4120	1761
6550	1762
9625	1763
5805	1764
5444	1765
5519	1766
3607	1767
3793	1768
4674	1769
8805	1770
5825	1771
4577	1772
6454	1773
4836	1774
6704	1775
9543	1776
3316	1777
3926	1778
5668	1779
3170	1780
4061	1781
4011	1782
3783	1783
2083	1784
2418	1785
7559	1786
1902	1787
5589	1788
8833	1789
3780	1790
2957	1791
9024	1792
3205	1793
1592	1794
1206	1795
9545	1796
8655	1797
7701	1798
7170	1799
8276	1800
2229	1801
4373	1802
3694	1803
3337	1804
1099	1805
7251	1806
2501	1807
8859	1808
7485	1809
8837	1810
2613	1811
161	1812
1598	1813
5630	1814
772	1815
5369	1816
1179	1817
4721	1818
6034	1819
2602	1820
876	1821
1476	1822
3104	1823
1575	1824
4418	1825
3288	1826
190	1827
544	1828
639	1829
7910	1830
4014	1831
50	1832
1609	1833
92	1834
7441	1835
279	1836
9619	1837
4884	1838
5652	1839
3798	1840
4300	1841
8488	1842
3217	1843
6934	1844
8487	1845
19	1846
7909	1847
850	1848
3535	1849
8815	1850
3986	1851
2483	1852
5661	1853
7032	1854
5227	1855
3905	1856
741	1857
3352	1858
4059	1859
4875	1860
5374	1861
2	1862
9390	1863
691	1864
1135	1865
6564	1866
9618	1867
7660	1868
3878	1869
7276	1870
7646	1871
13	1872
1878	1873
7704	1874
5420	1875
7590	1876
626	1877
7932	1878
7412	1879
6159	1880
9239	1881
3244	1882
6510	1883
823	1884
158	1885
9305	1886
9428	1887
8900	1888
2209	1889
8766	1890
5780	1891
8286	1892
7115	1893
7635	1894
8626	1895
952	1896
6942	1897
3454	1898
8573	1899
369	1900
5689	1901
6224	1902
9396	1903
3235	1904
7470	1905
1777	1906
950	1907
3381	1908
1110	1909
8056	1910
8759	1911
6218	1912
3082	1913
4172	1914
9237	1915
5291	1916
2495	1917
4414	1918
3982	1919
165	1920
1205	1921
8484	1922
9629	1923
2326	1924
2153	1925
534	1926
246	1927
2775	1928
7373	1929
4744	1930
387	1931
4589	1932
2427	1933
8052	1934
1123	1935
5933	1936
3758	1937
6121	1938
8512	1939
1274	1940
3149	1941
3917	1942
6758	1943
9232	1944
3969	1945
4407	1946
3622	1947
4688	1948
8474	1949
3270	1950
2175	1951
2293	1952
2643	1953
33	1954
2242	1955
6857	1956
47	1957
2156	1958
2246	1959
1422	1960
7596	1961
2303	1962
2305	1963
4404	1964
4008	1965
9633	1966
4128	1967
1146	1968
6108	1969
6325	1970
7504	1971
5799	1972
4726	1973
6404	1974
7999	1975
8302	1976
2754	1977
540	1978
8010	1979
3177	1980
6682	1981
6462	1982
1516	1983
3371	1984
4465	1985
4610	1986
8029	1987
3865	1988
9185	1989
3585	1990
4644	1991
5198	1992
1144	1993
8569	1994
4385	1995
6862	1996
8366	1997
8860	1998
6004	1999
8193	2000
3346	2001
8886	2002
2100	2003
2443	2004
6821	2005
5941	2006
2353	2007
6196	2008
2938	2009
5757	2010
787	2011
109	2012
1969	2013
8165	2014
6179	2015
1101	2016
7759	2017
990	2018
9592	2019
6304	2020
7130	2021
7723	2022
8758	2023
4916	2024
3890	2025
8688	2026
3770	2027
1272	2028
230	2029
1419	2030
2290	2031
1280	2032
4342	2033
1535	2034
170	2035
6409	2036
5801	2037
6379	2038
7522	2039
3491	2040
1048	2041
3558	2042
4462	2043
6526	2044
8186	2045
2456	2046
9358	2047
7923	2048
7747	2049
7956	2050
257	2051
8262	2052
4569	2053
974	2054
9374	2055
467	2056
3087	2057
1966	2058
286	2059
754	2060
1374	2061
8007	2062
3542	2063
9202	2064
616	2065
8727	2066
1430	2067
8828	2068
73	2069
2584	2070
4040	2071
2663	2072
7719	2073
4272	2074
3503	2075
4425	2076
3896	2077
87	2078
9038	2079
4328	2080
2130	2081
1007	2082
8435	2083
6518	2084
2265	2085
5863	2086
217	2087
7242	2088
4201	2089
7706	2090
7650	2091
8238	2092
6637	2093
9521	2094
5070	2095
6543	2096
1984	2097
77	2098
6664	2099
5948	2100
773	2101
4375	2102
8574	2103
1107	2104
2	2105
1256	2106
8495	2107
8800	2108
5004	2109
3523	2110
174	2111
2716	2112
4673	2113
2946	2114
2701	2115
5857	2116
6473	2117
902	2118
2931	2119
6846	2120
9647	2121
39	2122
6283	2123
1463	2124
8337	2125
2170	2126
5465	2127
7302	2128
9067	2129
5523	2130
2927	2131
91	2132
173	2133
5220	2134
1608	2135
1393	2136
7536	2137
7414	2138
8357	2139
4595	2140
3837	2141
6660	2142
366	2143
5190	2144
5496	2145
3242	2146
6927	2147
3807	2148
6842	2149
158	2150
3160	2151
1313	2152
2249	2153
68	2154
8125	2155
3843	2156
1591	2157
4231	2158
7270	2159
647	2160
3005	2161
7869	2162
1111	2163
6534	2164
9455	2165
7364	2166
219	2167
5590	2168
1316	2169
3545	2170
7095	2171
3366	2172
3821	2173
7009	2174
191	2175
2395	2176
299	2177
7420	2178
1363	2179
3291	2180
330	2181
3723	2182
2125	2183
4361	2184
3765	2185
3347	2186
7502	2187
8676	2188
4808	2189
5709	2190
4852	2191
6167	2192
1189	2193
3540	2194
9216	2195
6369	2196
5357	2197
9058	2198
8403	2199
4933	2200
6130	2201
4029	2202
2798	2203
1035	2204
7636	2205
128	2206
3342	2207
6992	2208
2604	2209
2703	2210
1534	2211
2480	2212
5396	2213
1338	2214
1934	2215
2595	2216
7911	2217
4733	2218
6247	2219
525	2220
4686	2221
7505	2222
953	2223
5135	2224
7966	2225
4333	2226
4624	2227
4692	2228
5315	2229
5335	2230
8248	2231
6350	2232
1202	2233
3126	2234
1671	2235
2726	2236
9602	2237
8215	2238
3001	2239
1314	2240
6875	2241
8744	2242
7753	2243
5352	2244
1875	2245
6876	2246
194	2247
4587	2248
4585	2249
1303	2250
931	2251
4823	2252
6775	2253
331	2254
2863	2255
1850	2256
9361	2257
5952	2258
8346	2259
6915	2260
768	2261
638	2262
9096	2263
6104	2264
1210	2265
549	2266
3498	2267
1006	2268
8092	2269
7256	2270
8066	2271
1841	2272
7622	2273
8339	2274
6371	2275
8928	2276
5142	2277
7017	2278
7190	2279
1989	2280
2658	2281
9522	2282
8697	2283
2510	2284
1412	2285
3979	2286
1963	2287
729	2288
4458	2289
7323	2290
1502	2291
1801	2292
2049	2293
8212	2294
6242	2295
9383	2296
6003	2297
1675	2298
3355	2299
2714	2300
9613	2301
1155	2302
3512	2303
9431	2304
7667	2305
2310	2306
6221	2307
1311	2308
4777	2309
1532	2310
6696	2311
1278	2312
8205	2313
7712	2314
8599	2315
2282	2316
2587	2317
4503	2318
3267	2319
8788	2320
681	2321
6595	2322
5294	2323
4866	2324
8292	2325
6113	2326
1744	2327
9563	2328
867	2329
3422	2330
2816	2331
4202	2332
358	2333
133	2334
3579	2335
8980	2336
4111	2337
4279	2338
9030	2339
6503	2340
5931	2341
5076	2342
7944	2343
5583	2344
4051	2345
4242	2346
5300	2347
3801	2348
1059	2349
256	2350
9146	2351
7676	2352
3495	2353
1666	2354
9577	2355
3210	2356
107	2357
4251	2358
8381	2359
4228	2360
937	2361
5893	2362
6646	2363
8369	2364
4085	2365
8679	2366
45	2367
9620	2368
9316	2369
1590	2370
277	2371
5565	2372
3910	2373
655	2374
8385	2375
5694	2376
1042	2377
164	2378
4017	2379
3072	2380
5482	2381
2986	2382
6701	2383
6941	2384
4517	2385
6916	2386
4246	2387
4886	2388
3733	2389
6687	2390
2094	2391
2939	2392
504	2393
8255	2394
7842	2395
5159	2396
9532	2397
3426	2398
6970	2399
1465	2400
8382	2401
7147	2402
7265	2403
4637	2404
9301	2405
144	2406
6199	2407
9303	2408
6583	2409
888	2410
6161	2411
3854	2412
8843	2413
7060	2414
6605	2415
8994	2416
8326	2417
7181	2418
5793	2419
435	2420
7490	2421
4761	2422
1497	2423
6691	2424
5120	2425
3095	2426
1555	2427
301	2428
2460	2429
6435	2430
4765	2431
8577	2432
8179	2433
7463	2434
3664	2435
1083	2436
2814	2437
3903	2438
5455	2439
8674	2440
8054	2441
1897	2442
6002	2443
2862	2444
9134	2445
8988	2446
9145	2447
2372	2448
2854	2449
2183	2450
3687	2451
3674	2452
1570	2453
8614	2454
3207	2455
2419	2456
5976	2457
5240	2458
6330	2459
1469	2460
2825	2461
3626	2462
6500	2463
7800	2464
270	2465
4680	2466
7661	2467
364	2468
1143	2469
193	2470
1456	2471
3514	2472
6812	2473
4749	2474
3493	2475
3658	2476
9526	2477
9632	2478
7841	2479
2321	2480
8953	2481
5539	2482
7198	2483
6607	2484
51	2485
5619	2486
5655	2487
3369	2488
3028	2489
6722	2490
5279	2491
5389	2492
317	2493
4378	2494
3445	2495
3112	2496
5448	2497
702	2498
6584	2499
8659	2500
5039	2501
6479	2502
117	2503
3048	2504
3233	2505
6788	2506
37	2507
2741	2508
8877	2509
5071	2510
5116	2511
3541	2512
6098	2513
80	2514
80	2515
5639	2516
8529	2517
273	2518
2535	2519
3302	2520
7730	2521
7400	2522
4936	2523
3273	2524
1819	2525
8196	2526
1131	2527
9001	2528
7461	2529
6861	2530
5024	2531
345	2532
3715	2533
5124	2534
9115	2535
4758	2536
4215	2537
1051	2538
3153	2539
5560	2540
1136	2541
7140	2542
7806	2543
5990	2544
3981	2545
9312	2546
9174	2547
1397	2548
6112	2549
7019	2550
9432	2551
4046	2552
5289	2553
701	2554
8094	2555
4669	2556
8490	2557
1506	2558
4946	2559
1175	2560
5100	2561
828	2562
285	2563
160	2564
182	2565
9468	2566
6039	2567
280	2568
1239	2569
6881	2570
7039	2571
461	2572
2709	2573
7084	2574
8158	2575
3724	2576
7110	2577
7411	2578
7857	2579
5326	2580
3475	2581
2628	2582
1796	2583
4278	2584
1211	2585
6813	2586
8084	2587
7164	2588
6750	2589
4929	2590
5914	2591
4022	2592
3953	2593
2316	2594
2137	2595
65	2596
6253	2597
9375	2598
2668	2599
7499	2600
4907	2601
6252	2602
1464	2603
5657	2604
140	2605
1713	2606
3562	2607
8739	2608
4850	2609
6410	2610
5400	2611
9331	2612
254	2613
5256	2614
1132	2615
2621	2616
4635	2617
2429	2618
3238	2619
6359	2620
7521	2621
7007	2622
3961	2623
7541	2624
4467	2625
2977	2626
2107	2627
8	2628
8	2629
3132	2630
3596	2631
7937	2632
2014	2633
268	2634
308	2635
547	2636
1336	2637
1373	2638
4141	2639
4847	2640
6339	2641
8678	2642
4220	2643
8511	2644
3442	2645
3326	2646
9226	2647
8360	2648
5091	2649
5802	2650
7129	2651
8129	2652
5319	2653
8718	2654
2609	2655
5902	2656
6438	2657
7257	2658
3830	2659
123	2660
376	2661
1150	2662
9192	2663
6556	2664
2614	2665
3420	2666
7437	2667
2865	2668
8249	2669
5211	2670
2954	2671
1022	2672
6990	2673
112	2674
3908	2675
8453	2676
3778	2677
5328	2678
7856	2679
8652	2680
5507	2681
4967	2682
4957	2683
6509	2684
5973	2685
2295	2686
1254	2687
2980	2688
430	2689
7583	2690
2527	2691
3271	2692
4394	2693
830	2694
6417	2695
448	2696
9622	2697
218	2698
7826	2699
3499	2700
4767	2701
7173	2702
5172	2703
1573	2704
2058	2705
5001	2706
6606	2707
8693	2708
290	2709
3075	2710
442	2711
8159	2712
3208	2713
7225	2714
2626	2715
5943	2716
1565	2717
9638	2718
3324	2719
5981	2720
7091	2721
100	2722
5302	2723
7423	2724
4247	2725
676	2726
8352	2727
3094	2728
6074	2729
2725	2730
1915	2731
1696	2732
1548	2733
282	2734
1523	2735
1710	2736
7258	2737
6513	2738
5309	2739
2792	2740
1782	2741
3591	2742
8784	2743
8109	2744
2150	2745
7936	2746
3156	2747
6154	2748
3649	2749
589	2750
9450	2751
538	2752
2020	2753
8732	2754
5949	2755
7194	2756
9036	2757
6899	2758
922	2759
3351	2760
117	2761
4724	2762
6755	2763
9614	2764
9454	2765
8736	2766
7183	2767
8445	2768
7922	2769
9395	2770
124	2771
1197	2772
5553	2773
1371	2774
8774	2775
3492	2776
9340	2777
5734	2778
9009	2779
3902	2780
5625	2781
3587	2782
5292	2783
4793	2784
6741	2785
5756	2786
5686	2787
4713	2788
1940	2789
1661	2790
1046	2791
2016	2792
8246	2793
6829	2794
5751	2795
7666	2796
6515	2797
114	2798
8288	2799
3628	2800
7361	2801
9164	2802
9606	2803
4918	2804
8177	2805
2919	2806
4699	2807
26	2808
4711	2809
7881	2810
6625	2811
230	2812
2554	2813
8720	2814
3219	2815
9333	2816
2655	2817
6972	2818
4964	2819
8175	2820
2630	2821
4570	2822
7513	2823
5428	2824
7749	2825
2355	2826
3825	2827
8406	2828
1477	2829
3118	2830
5602	2831
9445	2832
5623	2833
5469	2834
4149	2835
208	2836
3239	2837
5567	2838
2819	2839
1292	2840
2	2841
322	2842
4129	2843
7621	2844
4938	2845
7492	2846
395	2847
4940	2848
8973	2849
7252	2850
240	2851
3755	2852
5418	2853
208	2854
266	2855
8974	2856
8810	2857
7452	2858
2956	2859
2737	2860
5422	2861
3556	2862
694	2863
7611	2864
4760	2865
4158	2866
7388	2867
251	2868
3069	2869
6761	2870
1977	2871
551	2872
3046	2873
1711	2874
5376	2875
2731	2876
7781	2877
1240	2878
4312	2879
7077	2880
3232	2881
2065	2882
9076	2883
7335	2884
862	2885
1299	2886
1769	2887
4831	2888
3349	2889
1837	2890
7146	2891
2369	2892
7415	2893
2641	2894
7805	2895
290	2896
8559	2897
7565	2898
3707	2899
1870	2900
5152	2901
2467	2902
5872	2903
5495	2904
9011	2905
4540	2906
2507	2907
5920	2908
1012	2909
4211	2910
7738	2911
6267	2912
1105	2913
2734	2914
6271	2915
6090	2916
272	2917
250	2918
5405	2919
4064	2920
7488	2921
3373	2922
7239	2923
242	2924
8440	2925
5423	2926
9013	2927
2920	2928
1013	2929
4565	2930
4494	2931
4497	2932
4492	2933
4549	2934
4529	2935
7705	2936
105	2937
8001	2938
552	2939
832	2940
4731	2941
3007	2942
4819	2943
5936	2944
1489	2945
940	2946
4032	2947
167	2948
6127	2949
620	2950
7864	2951
1288	2952
5200	2953
6390	2954
3155	2955
1076	2956
6447	2957
851	2958
60	2959
4729	2960
3742	2961
5492	2962
1	2963
6451	2964
1816	2965
449	2966
3616	2967
7770	2968
5263	2969
9501	2970
192	2971
9343	2972
5822	2973
4719	2974
1648	2975
6910	2976
7333	2977
8934	2978
816	2979
8643	2980
798	2981
3809	2982
9328	2983
1468	2984
1938	2985
5462	2986
6767	2987
260	2988
5847	2989
8570	2990
8267	2991
4714	2992
5497	2993
1992	2994
9636	2995
2650	2996
4037	2997
9436	2998
4337	2999
3777	3000
2935	3001
4640	3002
744	3003
8064	3004
2236	3005
548	3006
161	3007
738	3008
5030	3009
2930	3010
5845	3011
8420	3012
2128	3013
2846	3014
2267	3015
9495	3016
2721	3017
2337	3018
8224	3019
428	3020
2662	3021
4003	3022
5807	3023
9336	3024
3999	3025
9161	3026
3920	3027
6663	3028
6732	3029
1357	3030
4864	3031
802	3032
1346	3033
5041	3034
728	3035
4269	3036
1421	3037
7212	3038
3127	3039
3116	3040
1734	3041
1651	3042
4381	3043
295	3044
3074	3045
6971	3046
1411	3047
9141	3048
1319	3049
790	3050
5821	3051
7847	3052
2651	3053
7695	3054
2769	3055
2060	3056
9064	3057
9171	3058
8400	3059
9425	3060
1767	3061
129	3062
4335	3063
9607	3064
4151	3065
3430	3066
17	3067
596	3068
180	3069
9275	3070
7967	3071
1090	3072
597	3073
6323	3074
9422	3075
9116	3076
4770	3077
1733	3078
7814	3079
7149	3080
5984	3081
598	3082
5594	3083
4038	3084
7293	3085
6290	3086
6052	3087
1334	3088
9426	3089
8888	3090
7916	3091
4055	3092
2089	3093
1093	3094
5513	3095
6728	3096
9017	3097
9059	3098
600	3099
8468	3100
6395	3101
882	3102
5252	3103
7768	3104
4662	3105
5358	3106
4833	3107
1243	3108
4048	3109
1252	3110
2936	3111
6878	3112
2123	3113
4543	3114
8853	3115
7925	3116
4810	3117
9487	3118
7973	3119
5585	3120
5324	3121
1719	3122
1620	3123
1967	3124
9266	3125
7207	3126
5327	3127
8225	3128
5466	3129
4049	3130
6795	3131
8925	3132
4534	3133
5541	3134
6552	3135
200	3136
9326	3137
1250	3138
2025	3139
4050	3140
425	3141
1885	3142
6392	3143
7616	3144
6318	3145
5664	3146
6259	3147
7833	3148
2426	3149
8794	3150
7711	3151
3990	3152
9099	3153
6563	3154
2826	3155
3467	3156
2543	3157
8760	3158
8216	3159
1549	3160
4748	3161
3973	3162
4304	3163
7818	3164
601	3165
6476	3166
3418	3167
8187	3168
5627	3169
2286	3170
1499	3171
1209	3172
9224	3173
5537	3174
4060	3175
1432	3176
4349	3177
4661	3178
3978	3179
8293	3180
4286	3181
4448	3182
1568	3183
8055	3184
159	3185
146	3186
6055	3187
9094	3188
580	3189
6421	3190
2983	3191
6194	3192
6987	3193
1212	3194
3683	3195
9482	3196
3739	3197
1563	3198
8393	3199
1879	3200
6358	3201
3815	3202
7088	3203
6567	3204
630	3205
9243	3206
4199	3207
113	3208
5223	3209
4353	3210
1587	3211
9043	3212
4445	3213
6389	3214
5449	3215
4419	3216
6902	3217
5195	3218
3398	3219
6148	3220
7280	3221
2244	3222
3323	3223
2053	3224
3913	3225
9624	3226
3199	3227
9200	3228
294	3229
7284	3230
8171	3231
63	3232
8433	3233
6373	3234
240	3235
4712	3236
4582	3237
9108	3238
1327	3239
3071	3240
3730	3241
7885	3242
7895	3243
5201	3244
9387	3245
2925	3246
4392	3247
4389	3248
2097	3249
8849	3250
5876	3251
7626	3252
209	3253
344	3254
1621	3255
4796	3256
4275	3257
4840	3258
7358	3259
8236	3260
7196	3261
3088	3262
1635	3263
8062	3264
4923	3265
5549	3266
4109	3267
1640	3268
1759	3269
1153	3270
7459	3271
362	3272
337	3273
363	3274
1644	3275
1558	3276
190	3277
865	3278
9325	3279
6427	3280
8654	3281
6890	3282
498	3283
2284	3284
976	3285
7407	3286
5385	3287
492	3288
6269	3289
9356	3290
9458	3291
751	3292
8199	3293
4588	3294
4555	3295
4553	3296
4192	3297
5459	3298
9537	3299
7094	3300
6528	3301
1088	3302
7309	3303
2509	3304
5003	3305
7027	3306
8374	3307
483	3308
5355	3309
3795	3310
2351	3311
5146	3312
2105	3313
1580	3314
4317	3315
4756	3316
6333	3317
6448	3318
7479	3319
9510	3320
2196	3321
3641	3322
8335	3323
96	3324
9576	3325
6886	3326
2287	3327
2904	3328
6912	3329
9414	3330
8390	3331
1659	3332
3190	3333
1663	3334
9140	3335
8303	3336
41	3337
6689	3338
6181	3339
8469	3340
1582	3341
2383	3342
6669	3343
4634	3344
3529	3345
2329	3346
7396	3347
4352	3348
268	3349
4456	3350
5009	3351
4457	3352
487	3353
7855	3354
8275	3355
5131	3356
8852	3357
1895	3358
5452	3359
2172	3360
3049	3361
3740	3362
2319	3363
1306	3364
1302	3365
1507	3366
6165	3367
3645	3368
1321	3369
6268	3370
3588	3371
1688	3372
4992	3373
6754	3374
6099	3375
368	3376
3227	3377
8824	3378
6781	3379
8816	3380
4773	3381
9407	3382
7250	3383
4650	3384
5322	3385
5572	3386
9569	3387
6818	3388
5000	3389
9125	3390
7328	3391
229	3392
7897	3393
9462	3394
2959	3395
4893	3396
5144	3397
5161	3398
8548	3399
8645	3400
2801	3401
5334	3402
4194	3403
6588	3404
2797	3405
2350	3406
7775	3407
2385	3408
4828	3409
2224	3410
2118	3411
9368	3412
7689	3413
8918	3414
4229	3415
5508	3416
690	3417
7435	3418
1404	3419
7406	3420
3904	3421
9451	3422
1195	3423
4509	3424
7603	3425
3196	3426
1011	3427
4806	3428
4611	3429
7526	3430
1726	3431
8353	3432
707	3433
6939	3434
8835	3435
4464	3436
8295	3437
107	3438
7710	3439
4019	3440
6243	3441
3666	3442
2454	3443
4428	3444
2837	3445
5705	3446
1297	3447
6609	3448
5816	3449
3677	3450
3700	3451
85	3452
5573	3453
5962	3454
846	3455
7849	3456
4006	3457
6220	3458
3907	3459
4763	3460
8509	3461
2109	3462
325	3463
5025	3464
2433	3465
6868	3466
9612	3467
1672	3468
1480	3469
6675	3470
6516	3471
5907	3472
899	3473
1865	3474
1698	3475
2988	3476
2841	3477
1008	3478
6837	3479
9559	3480
5122	3481
4738	3482
4882	3483
5738	3484
5533	3485
5852	3486
2805	3487
2306	3488
3191	3489
2909	3490
6063	3491
9496	3492
2537	3493
5717	3494
4892	3495
4200	3496
7013	3497
4289	3498
9109	3499
1266	3500
8376	3501
5156	3502
3817	3503
6176	3504
7594	3505
3313	3506
3427	3507
2117	3508
7458	3509
8517	3510
1426	3511
9040	3512
6376	3513
1626	3514
7059	3515
813	3516
5232	3517
1180	3518
588	3519
5729	3520
4906	3521
4552	3522
6973	3523
7246	3524
9069	3525
7534	3526
2858	3527
2969	3528
3192	3529
730	3530
4626	3531
6822	3532
3931	3533
8037	3534
4978	3535
297	3536
6026	3537
7025	3538
4020	3539
5677	3540
7994	3541
3741	3542
1926	3543
4287	3544
8680	3545
2389	3546
582	3547
2416	3548
4212	3549
2696	3550
3712	3551
9289	3552
8289	3553
4547	3554
8646	3555
2531	3556
7144	3557
1376	3558
8245	3559
2960	3560
1898	3561
3399	3562
7062	3563
7237	3564
1874	3565
877	3566
91	3567
550	3568
7136	3569
6983	3570
7124	3571
8291	3572
7127	3573
1092	3574
1918	3575
9430	3576
7560	3577
59	3578
1086	3579
6079	3580
1649	3581
1818	3582
8972	3583
3516	3584
5098	3585
8528	3586
5964	3587
3952	3588
4446	3589
1518	3590
1333	3591
2448	3592
7515	3593
9591	3594
6028	3595
4433	3596
1113	3597
2145	3598
1541	3599
5910	3600
195	3601
2398	3602
532	3603
1728	3604
7347	3605
4912	3606
9348	3607
1851	3608
5505	3609
933	3610
4155	3611
4106	3612
4101	3613
7675	3614
334	3615
6038	3616
2106	3617
6087	3618
4730	3619
1227	3620
4902	3621
1790	3622
8345	3623
594	3624
10	3625
2417	3626
3147	3627
3762	3628
38	3629
6549	3630
9155	3631
3589	3632
3279	3633
2095	3634
8206	3635
3206	3636
5550	3637
5592	3638
6029	3639
7563	3640
750	3641
5918	3642
3300	3643
2995	3644
720	3645
5695	3646
8821	3647
6022	3648
8042	3649
187	3650
2577	3651
4485	3652
5435	3653
6590	3654
3203	3655
955	3656
93	3657
4567	3658
7917	3659
2915	3660
8503	3661
8656	3662
3258	3663
2645	3664
2634	3665
407	3666
7433	3667
2213	3668
581	3669
5036	3670
3991	3671
2102	3672
6072	3673
1488	3674
6835	3675
9444	3676
3500	3677
3106	3678
9240	3679
22	3680
3848	3681
7670	3682
8325	3683
5996	3684
6712	3685
7655	3686
4697	3687
2226	3688
5219	3689
1945	3690
3251	3691
9481	3692
5399	3693
524	3694
371	3695
4390	3696
3304	3697
669	3698
246	3699
6643	3700
891	3701
5768	3702
2002	3703
909	3704
8207	3705
3213	3706
1372	3707
2834	3708
5287	3709
1454	3710
3410	3711
1231	3712
8341	3713
2675	3714
4501	3715
2838	3716
2883	3717
4568	3718
3390	3719
2711	3720
6560	3721
5007	3722
1920	3723
343	3724
3667	3725
8553	3726
8987	3727
7844	3728
8	3729
7714	3730
5207	3731
8028	3732
8677	3733
3592	3734
8975	3735
3708	3736
565	3737
360	3738
2120	3739
4583	3740
1657	3741
3287	3742
4193	3743
4175	3744
2273	3745
8355	3746
7941	3747
1294	3748
6908	3749
6734	3750
3197	3751
854	3752
7537	3753
6893	3754
1322	3755
2642	3756
4826	3757
1912	3758
8076	3759
3678	3760
4168	3761
678	3762
2206	3763
267	3764
7694	3765
2363	3766
3119	3767
5944	3768
8155	3769
5888	3770
9586	3771
4702	3772
9393	3773
9623	3774
7274	3775
3367	3776
8107	3777
8232	3778
1827	3779
5008	3780
7832	3781
400	3782
349	3783
1847	3784
5809	3785
3610	3786
9656	3787
8683	3788
9168	3789
4990	3790
7104	3791
4435	3792
1771	3793
7350	3794
7741	3795
3966	3796
2069	3797
1043	3798
3479	3799
2441	3800
6084	3801
7734	3802
4759	3803
4423	3804
3120	3805
7295	3806
5243	3807
7566	3808
7314	3809
199	3810
5648	3811
9564	3812
5330	3813
6031	3814
3158	3815
8436	3816
3423	3817
8333	3818
2928	3819
7472	3820
3744	3821
6189	3822
8499	3823
9434	3824
2126	3825
3847	3826
6676	3827
5044	3828
1785	3829
7036	3830
5745	3831
383	3832
5564	3833
242	3834
8724	3835
57	3836
9044	3837
3972	3838
4067	3839
9045	3840
8090	3841
2076	3842
2077	3843
8543	3844
2973	3845
4861	3846
141	3847
9260	3848
2799	3849
8243	3850
1151	3851
6527	3852
8894	3853
947	3854
2549	3855
1901	3856
1900	3857
8513	3858
7494	3859
1141	3860
1386	3861
9197	3862
907	3863
1417	3864
1247	3865
1273	3866
1282	3867
236	3868
97	3869
404	3870
77	3871
1068	3872
651	3873
5545	3874
7255	3875
6918	3876
21	3877
97	3878
3129	3879
2167	3880
1267	3881
2459	3882
2765	3883
4207	3884
2583	3885
3162	3886
3383	3887
1547	3888
2067	3889
4775	3890
4559	3891
8826	3892
1690	3893
9408	3894
7048	3895
67	3896
6874	3897
2695	3898
5985	3899
2108	3900
4614	3901
8324	3902
6137	3903
7012	3904
7544	3905
75	3906
6806	3907
1427	3908
4677	3909
506	3910
7489	3911
3618	3912
6548	3913
1362	3914
5556	3915
4968	3916
5886	3917
948	3918
7854	3919
7313	3920
5052	3921
3231	3922
8798	3923
9254	3924
9271	3925
7148	3926
624	3927
2430	3928
2190	3929
4901	3930
5437	3931
1791	3932
3137	3933
1344	3934
399	3935
111	3936
5218	3937
466	3938
9165	3939
4274	3940
3642	3941
567	3942
568	3943
1652	3944
1596	3945
2096	3946
1594	3947
1727	3948
2781	3949
1981	3950
1665	3951
4326	3952
733	3953
3092	3954
8377	3955
4564	3956
9603	3957
1470	3958
634	3959
2288	3960
8140	3961
7858	3962
6299	3963
3029	3964
5752	3965
8940	3966
5145	3967
1962	3968
275	3969
2918	3970
459	3971
2230	3972
5225	3973
3388	3974
4429	3975
336	3976
9075	3977
8081	3978
8856	3979
1147	3980
835	3981
5739	3982
1473	3983
4625	3984
3855	3985
4780	3986
7202	3987
18	3988
9634	3989
1381	3990
3727	3991
9366	3992
3485	3993
1345	3994
2169	3995
3039	3996
5783	3997
8558	3998
1300	3999
6497	4000
8752	4001
3660	4002
8514	4003
1235	4004
3569	4005
8685	4006
4115	4007
4239	4008
6015	4009
8476	4010
5869	4011
4657	4012
6991	4013
7099	4014
8817	4015
3528	4016
4965	4017
4768	4018
679	4019
1927	4020
6733	4021
7582	4022
1249	4023
8704	4024
2618	4025
5970	4026
5764	4027
6787	4028
5929	4029
8501	4030
2736	4031
2590	4032
3363	4033
6056	4034
4513	4035
2824	4036
1869	4037
179	4038
5308	4039
1585	4040
5453	4041
1600	4042
4035	4043
5546	4044
9574	4045
5419	4046
8220	4047
5899	4048
159	4049
5915	4050
6711	4051
6502	4052
5183	4053
4776	4054
377	4055
3130	4056
7798	4057
2990	4058
1484	4059
1315	4060
7514	4061
7653	4062
4656	4063
5940	4064
3052	4065
9582	4066
1935	4067
6557	4068
1483	4069
6232	4070
388	4071
8395	4072
8671	4073
3184	4074
7546	4075
6442	4076
5054	4077
418	4078
9156	4079
1139	4080
5298	4081
6827	4082
5631	4083
72	4084
4308	4085
8399	4086
8188	4087
271	4088
6905	4089
6429	4090
7247	4091
6170	4092
9089	4093
1182	4094
3060	4095
3701	4096
4177	4097
3561	4098
7089	4099
501	4100
1566	4101
8252	4102
4621	4103
2462	4104
2093	4105
8785	4106
2575	4107
443	4108
6478	4109
8287	4110
2114	4111
9508	4112
5582	4113
3988	4114
4891	4115
4681	4116
1701	4117
4903	4118
8070	4119
3109	4120
5968	4121
5928	4122
1118	4123
6101	4124
2151	4125
9660	4126
5906	4127
5043	4128
1343	4129
4538	4130
8365	4131
154	4132
6453	4133
3036	4134
3796	4135
6952	4136
1641	4137
3297	4138
9274	4139
9641	4140
8314	4141
3747	4142
985	4143
5092	4144
8441	4145
1794	4146
4309	4147
8869	4148
963	4149
3277	4150
6508	4151
1224	4152
8160	4153
9124	4154
1290	4155
1800	4156
4143	4157
4664	4158
2082	4159
8098	4160
545	4161
6119	4162
3113	4163
2061	4164
5884	4165
8642	4166
6449	4167
2445	4168
6680	4169
766	4170
9206	4171
3662	4172
5823	4173
7682	4174
7618	4175
3874	4176
7391	4177
4380	4178
3392	4179
4939	4180
71	4181
6823	4182
9151	4183
2186	4184
4365	4185
273	4186
7338	4187
3221	4188
6586	4189
6840	4190
7795	4191
8404	4192
2205	4193
3506	4194
8992	4195
510	4196
26	4197
6745	4198
7278	4199
6540	4200
685	4201
590	4202
1029	4203
8510	4204
1057	4205
252	4206
4679	4207
2074	4208
9382	4209
6287	4210
8638	4211
2189	4212
4548	4213
3924	4214
5425	4215
2654	4216
7139	4217
5727	4218
5568	4219
1320	4220
125	4221
8318	4222
4054	4223
264	4224
3319	4225
7607	4226
2547	4227
6849	4228
2271	4229
8174	4230
1060	4231
8041	4232
3330	4233
2952	4234
2666	4235
3962	4236
8214	4237
3554	4238
1450	4239
9392	4240
276	4241
5615	4242
2195	4243
1198	4244
5956	4245
2953	4246
9525	4247
8998	4248
8418	4249
2047	4250
29	4251
2910	4252
3401	4253
7920	4254
5277	4255
4052	4256
1856	4257
495	4258
7174	4259
7570	4260
9284	4261
9203	4262
8351	4263
151	4264
5285	4265
8057	4266
9370	4267
5467	4268
3038	4269
8336	4270
3925	4271
708	4272
6111	4273
490	4274
8640	4275
96	4276
6045	4277
7915	4278
7063	4279
7064	4280
6086	4281
6357	4282
103	4283
5883	4284
4897	4285
7014	4286
7249	4287
6296	4288
3816	4289
332	4290
422	4291
9073	4292
2312	4293
7394	4294
7876	4295
8568	4296
5143	4297
4941	4298
3359	4299
8673	4300
6649	4301
4526	4302
6783	4303
7182	4304
5765	4305
7769	4306
471	4307
4691	4308
9342	4309
2730	4310
245	4311
3012	4312
56	4313
9583	4314
5714	4315
5812	4316
9610	4317
7528	4318
148	4319
2704	4320
2208	4321
9144	4322
6423	4323
7553	4324
9287	4325
3943	4326
8634	4327
4898	4328
8419	4329
72	4330
9311	4331
3322	4332
5691	4333
1329	4334
7486	4335
2749	4336
1207	4337
1354	4338
3255	4339
3136	4340
6547	4341
999	4342
4705	4343
180	4344
494	4345
9184	4346
7612	4347
9465	4348
3852	4349
5828	4350
7219	4351
3567	4352
9291	4353
4575	4354
4791	4355
7222	4356
8388	4357
8458	4358
138	4359
6562	4360
7436	4361
4463	4362
7175	4363
5687	4364
5707	4365
1491	4366
785	4367
8902	4368
5774	4369
9252	4370
7815	4371
7405	4372
7554	4373
8265	4374
7652	4375
2713	4376
7872	4377
1720	4378
470	4379
6611	4380
652	4381
2684	4382
7137	4383
2132	4384
1236	4385
5170	4386
7457	4387
735	4388
6414	4389
1987	4390
1839	4391
7491	4392
6198	4393
9217	4394
338	4395
6128	4396
6644	4397
3122	4398
171	4399
7403	4400
8058	4401
9262	4402
5264	4403
8929	4404
9227	4405
3889	4406
1760	4407
778	4408
890	4409
2694	4410
455	4411
2677	4412
1100	4413
5742	4414
8368	4415
2212	4416
1287	4417
3331	4418
3550	4419
8394	4420
6064	4421
1739	4422
5609	4423
5426	4424
5741	4425
9438	4426
3648	4427
4934	4428
1750	4429
2671	4430
3933	4431
3764	4432
1154	4433
7273	4434
8997	4435
526	4436
6666	4437
7649	4438
6061	4439
4086	4440
6804	4441
8313	4442
9295	4443
4881	4444
100	4445
7763	4446
164	4447
8137	4448
2250	4449
2434	4450
5440	4451
1286	4452
4136	4453
7928	4454
5130	4455
29	4456
9	4457
6206	4458
7713	4459
7376	4460
3509	4461
9533	4462
3016	4463
6523	4464
4340	4465
2506	4466
3600	4467
9207	4468
11	4469
7377	4470
5	4471
1078	4472
14	4473
9337	4474
5887	4475
122	4476
636	4477
8703	4478
5372	4479
4676	4480
5842	4481
8622	4482
6445	4483
9131	4484
9412	4485
941	4486
5375	4487
9256	4488
5046	4489
5551	4490
340	4491
5349	4492
1735	4493
3928	4494
4138	4495
1080	4496
8210	4497
4105	4498
6792	4499
1178	4500
8308	4501
5626	4502
2334	4503
837	4504
6049	4505
8738	4506
102	4507
3059	4508
9285	4509
9584	4510
8545	4511
4451	4512
2784	4513
4586	4514
7874	4515
4535	4516
250	4517
4751	4518
8157	4519
5595	4520
3265	4521
4163	4522
9327	4523
5468	4524
6554	4525
5221	4526
833	4527
3345	4528
53	4529
1261	4530
6145	4531
3176	4532
5612	4533
8130	4534
4698	4535
6747	4536
7029	4537
2968	4538
8166	4539
6289	4540
6250	4541
9637	4542
1888	4543
9279	4544
1581	4545
8709	4546
3312	4547
6312	4548
9074	4549
3922	4550
2339	4551
3893	4552
9459	4553
5381	4554
101	4555
7132	4556
1998	4557
4561	4558
8714	4559
6180	4560
3814	4561
1056	4562
9529	4563
578	4564
7569	4565
3679	4566
1307	4567
566	4568
4877	4569
1424	4570
8955	4571
966	4572
5988	4573
561	4574
8700	4575
5808	4576
5722	4577
505	4578
7192	4579
5851	4580
2807	4581
6172	4582
4579	4583
5239	4584
8309	4585
8667	4586
8756	4587
7761	4588
9515	4589
7870	4590
3406	4591
2879	4592
82	4593
218	4594
3887	4595
3096	4596
2173	4597
2022	4598
7919	4599
1560	4600
1660	4601
8023	4602
3224	4603
7138	4604
1829	4605
1643	4606
3980	4607
9083	4608
8273	4609
43	4610
2979	4611
2035	4612
533	4613
605	4614
5012	4615
4360	4616
7991	4617
8747	4618
9599	4619
6954	4620
8027	4621
3098	4622
769	4623
326	4624
2592	4625
346	4626
8005	4627
8689	4628
7367	4629
9611	4630
4739	4631
4825	4632
6814	4633
8123	4634
5835	4635
8691	4636
452	4637
7042	4638
4612	4639
4230	4640
2615	4641
1519	4642
4996	4643
9402	4644
2657	4645
7771	4646
6797	4647
4627	4648
1032	4649
5276	4650
5129	4651
1106	4652
1420	4653
7964	4654
1693	4655
8102	4656
7272	4657
692	4658
8398	4659
5517	4660
4301	4661
305	4662
1416	4663
1279	4664
1163	4665
5575	4666
4012	4667
2732	4668
7549	4669
2063	4670
231	4671
1140	4672
8532	4673
6340	4674
185	4675
7000	4676
5049	4677
8619	4678
7812	4679
5274	4680
3517	4681
2594	4682
3949	4683
2570	4684
463	4685
6708	4686
912	4687
673	4688
7469	4689
7226	4690
9302	4691
7745	4692
176	4693
1200	4694
6866	4695
4209	4696
6460	4697
2243	4698
3530	4699
5647	4700
5621	4701
6418	4702
8190	4703
2423	4704
4707	4705
3091	4706
2868	4707
4160	4708
1441	4709
2661	4710
3439	4711
4367	4712
7644	4713
2778	4714
2744	4715
645	4716
1440	4717
3	4718
6925	4719
254	4720
1694	4721
4982	4722
6297	4723
6960	4724
4041	4725
4302	4726
5236	4727
2485	4728
3717	4729
5499	4730
1024	4731
595	4732
6182	4733
1683	4734
179	4735
4270	4736
3661	4737
8627	4738
7863	4739
3985	4740
8858	4741
611	4742
2922	4743
1623	4744
9359	4745
304	4746
1387	4747
2026	4748
3726	4749
6923	4750
700	4751
3609	4752
4057	4753
5790	4754
1162	4755
6363	4756
5577	4757
7079	4758
3014	4759
1848	4760
6685	4761
5895	4762
1842	4763
7216	4764
7431	4765
1337	4766
8523	4767
1611	4768
114	4769
6235	4770
8729	4771
2342	4772
8665	4773
5371	4774
9047	4775
7651	4776
845	4777
5656	4778
7341	4779
7830	4780
5237	4781
1561	4782
7865	4783
8338	4784
3186	4785
3604	4786
8527	4787
1521	4788
2997	4789
8504	4790
1708	4791
818	4792
5359	4793
3259	4794
3066	4795
4997	4796
3536	4797
1905	4798
1301	4799
4406	4800
8946	4801
7339	4802
3033	4803
1241	4804
6132	4805
2179	4806
576	4807
7593	4808
9057	4809
5370	4810
5128	4811
8405	4812
3026	4813
8079	4814
1399	4815
183	4816
9160	4817
7232	4818
4028	4819
8556	4820
9379	4821
6143	4822
8506	4823
3157	4824
3574	4825
3413	4826
5563	4827
8429	4828
4033	4829
43	4830
3254	4831
3394	4832
140	4833
6468	4834
6388	4835
1721	4836
8686	4837
6615	4838
5102	4839
3582	4840
8280	4841
8893	4842
8722	4843
4249	4844
4576	4845
6906	4846
373	4847
4420	4848
2144	4849
2400	4850
4592	4851
7657	4852
8841	4853
7698	4854
7401	4855
4206	4856
840	4857
3800	4858
67	4859
1379	4860
6037	4861
9315	4862
1529	4863
1890	4864
1704	4865
1275	4866
6498	4867
3364	4868
22	4869
4344	4870
7266	4871
81	4872
6895	4873
6725	4874
957	4875
5995	4876
5528	4877
3274	4878
7788	4879
7154	4880
9385	4881
7015	4882
2745	4883
6981	4884
4995	4885
1914	4886
2407	4887
2314	4888
4434	4889
4479	4890
4942	4891
5427	4892
7201	4893
357	4894
460	4895
603	4896
3250	4897
5922	4898
3518	4899
3571	4900
5877	4901
6773	4902
7122	4903
7189	4904
8822	4905
1736	4906
423	4907
7365	4908
3169	4909
8149	4910
8143	4911
3918	4912
860	4913
7442	4914
129	4915
3944	4916
4320	4917
8922	4918
6155	4919
7477	4920
3182	4921
275	4922
6753	4923
8035	4924
8185	4925
8712	4926
6122	4927
6756	4928
5377	4929
6307	4930
5593	4931
1237	4932
7794	4933
1226	4934
1260	4935
6671	4936
7368	4937
9293	4938
7984	4939
1658	4940
9071	4941
5849	4942
1531	4943
60	4944
4063	4945
9072	4946
4345	4947
3257	4948
6433	4949
577	4950
1670	4951
9220	4952
8025	4953
8563	4954
5307	4955
4117	4956
4078	4957
4089	4958
7517	4959
7046	4960
4931	4961
4197	4962
1982	4963
726	4964
5979	4965
881	4966
1745	4967
7668	4968
6639	4969
5485	4970
5341	4971
5463	4972
4470	4973
8148	4974
8633	4975
412	4976
1438	4977
4602	4978
7843	4979
5167	4980
2505	4981
248	4982
3494	4983
2115	4984
5643	4985
2672	4986
4894	4987
3474	4988
8378	4989
7600	4990
5407	4991
9329	4992
3397	4993
8539	4994
6187	4995
2545	4996
2330	4997
9167	4998
1669	4999
251	5000
6041	5001
956	5002
6156	5003
4453	5004
2414	5005
7845	5006
3650	5007
3173	5008
4116	5009
15	5010
6230	5011
9080	5012
3357	5013
6425	5014
9423	5015
6654	5016
6393	5017
7135	5018
227	5019
1513	5020
1117	5021
4107	5022
5460	5023
6995	5024
3901	5025
4031	5026
5244	5027
3042	5028
9105	5029
7792	5030
6116	5031
411	5032
2533	5033
6839	5034
6352	5035
5954	5036
5744	5037
207	5038
1662	5039
8968	5040
4889	5041
1764	5042
5067	5043
2113	5044
1654	5045
4169	5046
753	5047
4198	5048
5665	5049
2352	5050
1889	5051
2753	5052
3067	5053
6742	5054
6494	5055
810	5056
610	5057
5806	5058
2269	5059
3272	5060
6246	5061
7555	5062
6391	5063
4093	5064
4851	5065
1732	5066
7040	5067
118	5068
9101	5069
621	5070
1339	5071
2750	5072
3663	5073
8982	5074
8334	5075
8127	5076
1605	5077
175	5078
1933	5079
4369	5080
4715	5081
8581	5082
8481	5083
4166	5084
3027	5085
285	5086
3150	5087
7995	5088
8411	5089
8407	5090
5005	5091
5412	5092
1677	5093
1305	5094
9580	5095
7142	5096
4132	5097
2560	5098
2525	5099
8051	5100
1583	5101
8663	5102
6262	5103
48	5104
316	5105
2085	5106
6511	5107
7001	5108
458	5109
6824	5110
3043	5111
5992	5112
910	5113
4803	5114
1968	5115
5969	5116
2499	5117
2030	5118
9642	5119
6036	5120
3395	5121
8740	5122
5406	5123
44	5124
717	5125
7321	5126
2478	5127
3024	5128
2899	5129
2322	5130
9029	5131
3718	5132
780	5133
6624	5134
3525	5135
7053	5136
6051	5137
5850	5138
2950	5139
5113	5140
9542	5141
2393	5142
228	5143
7215	5144
4171	5145
6162	5146
4508	5147
1540	5148
2149	5149
5410	5150
6985	5151
454	5152
1946	5153
4499	5154
3668	5155
6342	5156
391	5157
3453	5158
6544	5159
1460	5160
511	5161
6705	5162
3696	5163
3393	5164
104	5165
293	5166
2857	5167
1063	5168
3531	5169
1501	5170
1743	5171
1876	5172
1466	5173
516	5174
5383	5175
4475	5176
6530	5177
5032	5178
6456	5179
4210	5180
6940	5181
421	5182
4393	5183
6203	5184
8723	5185
2204	5186
3731	5187
5191	5188
1130	5189
9349	5190
508	5191
844	5192
3076	5193
6202	5194
167	5195
3513	5196
9234	5197
6011	5198
7599	5199
8734	5200
9166	5201
1071	5202
2975	5203
81	5204
7595	5205
233	5206
3275	5207
1018	5208
5901	5209
5728	5210
427	5211
2759	5212
9401	5213
3278	5214
7948	5215
5394	5216
5649	5217
7105	5218
3811	5219
3524	5220
4805	5221
2756	5222
6050	5223
202	5224
8096	5225
3520	5226
5168	5227
4144	5228
6798	5229
7529	5230
8911	5231
6807	5232
6619	5233
9241	5234
5897	5235
7873	5236
7581	5237
281	5238
3101	5239
5875	5240
2773	5241
644	5242
6097	5243
8209	5244
8364	5245
3590	5246
7371	5247
5885	5248
4991	5249
6178	5250
3264	5251
915	5252
3711	5253
8552	5254
3419	5255
6892	5256
886	5257
5084	5258
5472	5259
3989	5260
1628	5261
1508	5262
2491	5263
8473	5264
6957	5265
9394	5266
1988	5267
5011	5268
1474	5269
8269	5270
7924	5271
2702	5272
9643	5273
4459	5274
5075	5275
6937	5276
4771	5277
1588	5278
3281	5279
2813	5280
4821	5281
258	5282
553	5283
7577	5284
2556	5285
1546	5286
2831	5287
447	5288
7955	5289
9186	5290
485	5291
5512	5292
2667	5293
16	5294
509	5295
8080	5296
713	5297
3824	5298
849	5299
1326	5300
4452	5301
9381	5302
4225	5303
4079	5304
5346	5305
2779	5306
6653	5307
5104	5308
8304	5309
5434	5310
6157	5311
8180	5312
9594	5313
2268	5314
9424	5315
2289	5316
3586	5317
4486	5318
4104	5319
808	5320
168	5321
6914	5322
1579	5323
4306	5324
7899	5325
2616	5326
4403	5327
4371	5328
5019	5329
6329	5330
9025	5331
5494	5332
958	5333
8021	5334
4754	5335
555	5336
7782	5337
5126	5338
8068	5339
1340	5340
9308	5341
4282	5342
2712	5343
4734	5344
2405	5345
3653	5346
1505	5347
4527	5348
1503	5349
3608	5350
1527	5351
406	5352
6762	5353
6401	5354
2965	5355
8702	5356
6505	5357
5779	5358
6273	5359
1370	5360
9386	5361
9600	5362
7006	5363
8719	5364
8977	5365
7606	5366
8921	5367
3621	5368
7200	5369
5338	5370
6851	5371
6571	5372
7543	5373
3639	5374
8033	5375
1325	5376
1980	5377
7068	5378
89	5379
7662	5380
6598	5381
1959	5382
4853	5383
2828	5384
7045	5385
4180	5386
477	5387
2050	5388
2056	5389
2357	5390
481	5391
7809	5392
221	5393
2192	5394
6406	5395
2692	5396
1324	5397
7069	5398
1957	5399
1993	5400
9575	5401
4137	5402
256	5403
225	5404
5663	5405
8459	5406
7604	5407
3133	5408
1331	5409
3329	5410
3365	5411
5945	5412
2091	5413
2578	5414
2307	5415
1552	5416
4638	5417
7123	5418
1872	5419
2687	5420
1802	5421
9317	5422
3923	5423
17	5424
4083	5425
5937	5426
7096	5427
8715	5428
40	5429
7178	5430
3459	5431
6779	5432
5953	5433
9159	5434
9248	5435
2740	5436
6149	5437
235	5438
1983	5439
5782	5440
2399	5441
6623	5442
8320	5443
2689	5444
4700	5445
8258	5446
7385	5447
34	5448
2681	5449
539	5450
4693	5451
7902	5452
9023	5453
8611	5454
8644	5455
5506	5456
5481	5457
4887	5458
8247	5459
7351	5460
8754	5461
2078	5462
291	5463
8927	5464
1005	5465
2888	5466
7291	5467
7480	5468
3464	5469
3424	5470
2146	5471
8582	5472
4746	5473
9175	5474
2660	5475
150	5476
150	5477
4764	5478
2374	5479
5133	5480
1515	5481
120	5482
2680	5483
8085	5484
1010	5485
7259	5486
9581	5487
6237	5488
9056	5489
2446	5490
294	5491
1923	5492
6759	5493
9129	5494
7898	5495
3927	5496
302	5497
9553	5498
7629	5499
9150	5500
8416	5501
7687	5502
988	5503
2148	5504
1	5505
9440	5506
6317	5507
5490	5508
8452	5509
2217	5510
763	5511
1942	5512
2176	5513
3997	5514
8912	5515
8979	5516
6047	5517
7883	5518
7018	5519
9548	5520
971	5521
2619	5522
4416	5523
1203	5524
4594	5525
3285	5526
1684	5527
5340	5528
478	5529
9400	5530
7352	5531
1903	5532
2764	5533
946	5534
935	5535
5303	5536
133	5537
6907	5538
6984	5539
7342	5540
4622	5541
9142	5542
3659	5543
7950	5544
6397	5545
2127	5546
8698	5547
4297	5548
486	5549
4102	5550
819	5551
6771	5552
9236	5553
4871	5554
7545	5555
1392	5556
4925	5557
6306	5558
8144	5559
5205	5560
4243	5561
3021	5562
4600	5563
1572	5564
4556	5565
8254	5566
5429	5567
1173	5568
7206	5569
6920	5570
7840	5571
9020	5572
1253	5573
2729	5574
104	5575
1122	5576
4868	5577
9290	5578
6068	5579
2489	5580
3934	5581
7386	5582
2028	5583
3306	5584
4444	5585
8332	5586
4477	5587
5522	5588
9520	5589
1242	5590
8884	5591
4090	5592
9365	5593
6966	5594
4478	5595
712	5596
6580	5597
618	5598
9008	5599
5234	5600
9126	5601
103	5602
2610	5603
2358	5604
9273	5605
6694	5606
781	5607
7404	5608
1511	5609
5770	5610
3803	5611
5312	5612
4908	5613
1820	5614
615	5615
2197	5616
328	5617
799	5618
5859	5619
1971	5620
887	5621
9411	5622
4439	5623
2255	5624
9589	5625
8916	5626
3447	5627
3335	5628
6073	5629
8455	5630
8775	5631
6348	5632
6257	5633
4154	5634
450	5635
5696	5636
2559	5637
8895	5638
6341	5639
4382	5640
3234	5641
5830	5642
390	5643
7918	5644
4708	5645
116	5646
9229	5647
4130	5648
5476	5649
8439	5650
210	5651
9531	5652
4266	5653
8964	5654
8384	5655
5792	5656
2719	5657
885	5658
9286	5659
9035	5660
7462	5661
3315	5662
7362	5663
333	5664
8593	5665
5629	5666
714	5667
1533	5668
8765	5669
2370	5670
8891	5671
3121	5672
7145	5673
2656	5674
3984	5675
2892	5676
233	5677
8536	5678
997	5679
379	5680
4362	5681
5199	5682
3063	5683
4455	5684
8707	5685
6088	5686
3018	5687
6094	5688
1184	5689
3691	5690
4281	5691
6816	5692
136	5693
4630	5694
3688	5695
7355	5696
4685	5697
1528	5698
69	5699
4131	5700
8943	5701
4706	5702
3252	5703
3497	5704
1799	5705
1077	5706
3325	5707
5491	5708
7804	5709
7023	5710
9439	5711
1804	5712
4531	5713
8489	5714
9205	5715
79	5716
7992	5717
6999	5718
2380	5719
4989	5720
6738	5721
5743	5722
1001	5723
2688	5724
4204	5725
8472	5726
4718	5727
7976	5728
7888	5729
904	5730
623	5731
4969	5732
4255	5733
5464	5734
6081	5735
5066	5736
8789	5737
3703	5738
6964	5739
9143	5740
410	5741
213	5742
4329	5743
9661	5744
6005	5745
8842	5746
5760	5747
2546	5748
3547	5749
8483	5750
5238	5751
4366	5752
7735	5753
6140	5754
6254	5755
6542	5756
1975	5757
7483	5758
7894	5759
5299	5760
1749	5761
2670	5762
9410	5763
9534	5764
1631	5765
1493	5766
1347	5767
8936	5768
476	5769
8294	5770
7780	5771
231	5772
3638	5773
8191	5774
3102	5775
3998	5776
1607	5777
4514	5778
4080	5779
5772	5780
925	5781
8375	5782
5732	5783
408	5784
9433	5785
677	5786
8741	5787
2013	5788
9378	5789
5781	5790
9097	5791
221	5792
234	5793
583	5794
7374	5795
23	5796
4856	5797
5139	5798
7989	5799
7072	5800
6152	5801
2804	5802
523	5803
3788	5804
3538	5805
1904	5806
4150	5807
3853	5808
2777	5809
2994	5810
6075	5811
2392	5812
747	5813
8672	5814
1323	5815
6477	5816
8675	5817
8229	5818
7080	5819
5185	5820
6667	5821
1636	5822
646	5823
202	5824
132	5825
4880	5826
8156	5827
9318	5828
1165	5829
9631	5830
7773	5831
130	5832
9253	5833
1792	5834
7530	5835
2432	5836
5832	5837
9103	5838
6420	5839
4986	5840
4849	5841
2593	5842
5432	5843
2607	5844
6380	5845
8699	5846
6428	5847
4998	5848
1691	5849
5069	5850
6335	5851
5509	5852
6978	5853
6601	5854
426	5855
1899	5856
1835	5857
6688	5858
9524	5859
6856	5860
214	5861
2830	5862
6316	5863
2898	5864
1986	5865
7791	5866
9353	5867
6197	5868
445	5869
6848	5870
3311	5871
4430	5872
4316	5873
6559	5874
8959	5875
5955	5876
3340	5877
4238	5878
4779	5879
4789	5880
5865	5881
3159	5882
6482	5883
5379	5884
8300	5885
7465	5886
3976	5887
5699	5888
4855	5889
8867	5890
4524	5891
5214	5892
8306	5893
118	5894
6	5895
8167	5896
1811	5897
3292	5898
7633	5899
8256	5900
7234	5901
1185	5902
8465	5903
6118	5904
2840	5905
896	5906
6444	5907
378	5908
4755	5909
7597	5910
372	5911
4299	5912
7796	5913
17	5914
6366	5915
6913	5916
6944	5917
356	5918
4460	5919
6205	5920
3143	5921
2605	5922
5246	5923
6076	5924
2900	5925
2403	5926
7343	5927
7828	5928
9292	5929
1695	5930
4616	5931
6645	5932
4993	5933
7535	5934
6008	5935
8105	5936
4024	5937
6336	5938
8746	5939
4645	5940
2770	5941
1805	5942
1706	5943
1883	5944
4571	5945
8961	5946
1639	5947
8597	5948
5913	5949
2789	5950
5027	5951
6173	5952
6309	5953
3782	5954
5557	5955
2223	5956
7968	5957
8312	5958
8836	5959
2502	5960
7383	5961
5446	5962
7346	5963
3415	5964
4735	5965
8969	5966
878	5967
4395	5968
4045	5969
7223	5970
2873	5971
4858	5972
214	5973
7628	5974
8323	5975
606	5976
9214	5977
2733	5978
3374	5979
5967	5980
6374	5981
1862	5982
3037	5983
4900	5984
6223	5985
2045	5986
1522	5987
9461	5988
4002	5989
1368	5990
3937	5991
9338	5992
4147	5993
143	5994
7	5995
5353	5996
6592	5997
4481	5998
2031	5999
3434	6000
2966	6001
6585	6002
1067	6003
5074	6004
8502	6005
7011	6006
2881	6007
3185	6008
7297	6009
5571	6010
1222	6011
8661	6012
2516	6013
7851	6014
8301	6015
1964	6016
6507	6017
301	6018
95	6019
9527	6020
5450	6021
5873	6022
6093	6023
2999	6024
8074	6025
3970	6026
6525	6027
6769	6028
8941	6029
211	6030
3519	6031
5634	6032
3964	6033
7429	6034
1145	6035
8316	6036
6684	6037
2015	6038
775	6039
6891	6040
480	6041
512	6042
6656	6043
4318	6044
3299	6045
2625	6046
8917	6047
30	6048
906	6049
6946	6050
731	6051
4043	6052
207	6053
4468	6054
1269	6055
5636	6056
320	6057
307	6058
1355	6059
7512	6060
7375	6061
4523	6062
6951	6063
9048	6064
6484	6065
8116	6066
197	6067
5966	6068
3915	6069
8017	6070
6016	6071
6361	6072
2894	6073
9272	6074
4327	6075
7354	6076
5174	6077
4161	6078
9270	6079
2886	6080
7332	6081
173	6082
6789	6083
6065	6084
8745	6085
6714	6086
6398	6087
9068	6088
7777	6089
386	6090
3400	6091
1776	6092
6853	6093
6193	6094
2018	6095
4794	6096
186	6097
1152	6098
9299	6099
905	6100
2452	6101
1916	6102
462	6103
206	6104
6873	6105
5536	6106
2451	6107
3808	6108
4728	6109
6901	6110
8863	6111
8482	6112
5270	6113
8530	6114
2875	6115
499	6116
6264	6117
2442	6118
2760	6119
632	6120
3403	6121
4827	6122
7418	6123
6281	6124
6958	6125
671	6126
776	6127
715	6128
5527	6129
288	6130
3548	6131
3611	6132
5811	6133
3630	6134
8938	6135
2718	6136
298	6137
6261	6138
1656	6139
2221	6140
1730	6141
8615	6142
8310	6143
9469	6144
857	6145
3862	6146
8780	6147
2248	6148
4221	6149
380	6150
6903	6151
2410	6152
1388	6153
9351	6154
8701	6155
3906	6156
7275	6157
3761	6158
7846	6159
7746	6160
6989	6161
7631	6162
4750	6163
2782	6164
6288	6165
5224	6166
5498	6167
770	6168
3511	6169
829	6170
804	6171
4152	6172
8962	6173
4914	6174
8711	6175
102	6176
7143	6177
3482	6178
3534	6179
8038	6180
1159	6181
5311	6182
4668	6183
2409	6184
8061	6185
1453	6186
9070	6187
880	6188
7637	6189
5125	6190
7450	6191
163	6192
2565	6193
419	6194
84	6195
5356	6196
8908	6197
703	6198
7100	6199
2174	6200
2327	6201
7960	6202
7090	6203
7619	6204
2201	6205
5479	6206
6673	6207
1364	6208
7155	6209
5544	6210
8942	6211
121	6212
858	6213
4290	6214
9267	6215
3295	6216
640	6217
6001	6218
5700	6219
6117	6220
8865	6221
272	6222
8162	6223
4605	6224
1328	6225
5874	6226
2631	6227
8136	6228
5473	6229
3496	6230
2993	6231
3384	6232
2161	6233
7986	6234
7028	6235
9377	6236
5898	6237
116	6238
9475	6239
8803	6240
8030	6241
69	6242
789	6243
6314	6244
3146	6245
736	6246
62	6247
3502	6248
5784	6249
7879	6250
3350	6251
4330	6252
8649	6253
8948	6254
1990	6255
6089	6256
5148	6257
6635	6258
6488	6259
6587	6260
1494	6261
6869	6262
9528	6263
3139	6264
223	6265
968	6266
8787	6267
8605	6268
2895	6269
4234	6270
6295	6271
2647	6272
7586	6273
3595	6274
9211	6275
6879	6276
2340	6277
3565	6278
6328	6279
4183	6280
705	6281
7038	6282
4010	6283
3382	6284
3945	6285
6746	6286
5974	6287
6326	6288
9369	6289
288	6290
2182	6291
2199	6292
1038	6293
8575	6294
2793	6295
9278	6296
9133	6297
4133	6298
5939	6299
26	6300
213	6301
8189	6302
2603	6303
2665	6304
144	6305
528	6306
2116	6307
7402	6308
2280	6309
3438	6310
2996	6311
7674	6312
5079	6313
9347	6314
4195	6315
4153	6316
3851	6317
8606	6318
3114	6319
2253	6320
1304	6321
3314	6322
3974	6323
8290	6324
7248	6325
6298	6326
6581	6327
8540	6328
5789	6329
6042	6330
8996	6331
2239	6332
5296	6333
3736	6334
874	6335
6521	6336
7370	6337
7988	6338
6572	6339
3729	6340
2934	6341
1887	6342
4315	6343
2177	6344
6135	6345
3856	6346
4179	6347
6740	6348
9004	6349
7103	6350
6422	6351
8554	6352
1715	6353
8878	6354
5759	6355
3699	6356
7647	6357
2131	6358
2722	6359
3786	6360
7316	6361
1766	6362
8240	6363
3180	6364
6622	6365
27	6366
1752	6367
3457	6368
3716	6369
149	6370
5099	6371
777	6372
7568	6373
8437	6374
7904	6375
6324	6376
274	6377
5611	6378
8124	6379
5471	6380
5267	6381
1309	6382
2331	6383
3167	6384
3376	6385
3842	6386
2504	6387
9409	6388
2017	6389
709	6390
7731	6391
815	6392
5547	6393
98	6394
8823	6395
5138	6396
2475	6397
9376	6398
7203	6399
5880	6400
4781	6401
8827	6402
9437	6403
1479	6404
2279	6405
4469	6406
8866	6407
2238	6408
8838	6409
3490	6410
5286	6411
7044	6412
8088	6413
8802	6414
7585	6415
9609	6416
1929	6417
7301	6418
8899	6419
643	6420
569	6421
5803	6422
2601	6423
6207	6424
4671	6425
2940	6426
9420	6427
9187	6428
8537	6429
5416	6430
6035	6431
6662	6432
591	6433
5878	6434
261	6435
8991	6436
31	6437
8277	6438
2685	6439
6214	6440
4944	6441
7971	6442
6632	6443
9608	6444
1291	6445
2388	6446
162	6447
861	6448
6612	6449
9294	6450
9208	6451
9587	6452
7957	6453
8820	6454
6211	6455
5719	6456
3508	6457
5794	6458
4609	6459
1128	6460
6820	6461
5	6462
8048	6463
6251	6464
7267	6465
1512	6466
1475	6467
3868	6468
9122	6469
5667	6470
8230	6471
6067	6472
8281	6473
1382	6474
970	6475
3142	6476
848	6477
4972	6478
1755	6479
4988	6480
20	6481
1947	6482
7567	6483
8906	6484
4291	6485
9002	6486
239	6487
5520	6488
4837	6489
153	6490
654	6491
1482	6492
1808	6493
5348	6494
558	6495
7158	6496
2514	6497
38	6498
7177	6499
277	6500
1097	6501
3117	6502
6124	6503
7109	6504
210	6505
4495	6506
4436	6507
4223	6508
1939	6509
9042	6510
157	6511
226	6512
633	6513
5188	6514
3702	6515
6977	6516
6027	6517
9079	6518
4438	6519
5153	6520
4865	6521
5993	6522
6017	6523
4550	6524
3820	6525
86	6526
109	6527
4869	6528
1277	6529
9518	6530
4401	6531
3818	6532
3301	6533
5926	6534
7793	6535
3840	6536
76	6537
5261	6538
5837	6539
5119	6540
6234	6541
9022	6542
5213	6543
4218	6544
8475	6545
959	6546
7236	6547
7755	6548
83	6549
8367	6550
8905	6551
934	6552
8181	6553
8272	6554
8466	6555
2119	6556
5570	6557
241	6558
41	6559
2845	6560
5002	6561
9398	6562
5245	6563
7935	6564
4628	6565
6141	6566
4963	6567
8847	6568
3671	6569
94	6570
3031	6571
1614	6572
9354	6573
8430	6574
6967	6575
4071	6576
5554	6577
87	6578
8695	6579
78	6580
6863	6581
8479	6582
4981	6583
8132	6584
8892	6585
5776	6586
6748	6587
6125	6588
1047	6589
1775	6590
1687	6591
303	6592
15	6593
8897	6594
2941	6595
4727	6596
8807	6597
2178	6598
2566	6599
8546	6600
3339	6601
5233	6602
4322	6603
6272	6604
7835	6605
8505	6606
1400	6607
9530	6608
9281	6609
4660	6610
3409	6611
8380	6612
4930	6613
6241	6614
2530	6615
148	6616
6546	6617
5769	6618
7152	6619
3058	6620
4156	6621
4670	6622
6884	6623
5712	6624
3256	6625
4507	6626
8020	6627
2742	6628
299	6629
4846	6630
1439	6631
3309	6632
5841	6633
8282	6634
2420	6635
8829	6636
2964	6637
3613	6638
2444	6639
572	6640
8868	6641
8990	6642
1089	6643
2263	6644
5697	6645
7686	6646
3470	6647
4647	6648
9111	6649
4659	6650
9372	6651
5006	6652
1402	6653
7997	6654
1731	6655
8008	6656
2532	6657
7850	6658
932	6659
6577	6660
1913	6661
219	6662
6974	6663
3930	6664
4188	6665
1157	6666
6164	6667
1369	6668
2064	6669
3243	6670
5923	6671
1814	6672
1164	6673
6142	6674
4236	6675
1999	6676
4026	6677
9268	6678
2490	6679
4447	6680
222	6681
216	6682
414	6683
1115	6684
3187	6685
6896	6686
6522	6687
6430	6688
3946	6689
2254	6690
2617	6691
6713	6692
5178	6693
7942	6694
8100	6695
4113	6696
8607	6697
3898	6698
1248	6699
6982	6700
3171	6701
7235	6702
7527	6703
1492	6704
1283	6705
2683	6706
7098	6707
9565	6708
993	6709
7592	6710
4876	6711
7501	6712
265	6713
8464	6714
9335	6715
1187	6716
3310	6717
3305	6718
8778	6719
2908	6720
5062	6721
1542	6722
4899	6723
5924	6724
7954	6725
263	6726
1564	6727
9363	6728
3025	6729
4424	6730
6025	6731
3838	6732
2632	6733
1255	6734
64	6735
2674	6736
2520	6737
5702	6738
64	6739
1716	6740
4025	6741
4812	6742
7819	6743
4937	6744
9221	6745
1289	6746
8963	6747
127	6748
6811	6749
9479	6750
6785	6751
5180	6752
8609	6753
7987	6754
6169	6755
1161	6756
4716	6757
5157	6758
1725	6759
1544	6760
1557	6761
7366	6762
3880	6763
7786	6764
4848	6765
2496	6766
8730	6767
1892	6768
389	6769
2800	6770
5674	6771
4917	6772
5085	6773
2849	6774
2421	6775
7975	6776
6365	6777
9084	6778
7026	6779
2588	6780
6555	6781
1860	6782
5716	6783
3377	6784
3015	6785
1196	6786
5815	6787
1809	6788
1893	6789
2260	6790
3725	6791
6332	6792
4461	6793
1384	6794
8131	6795
4607	6796
2942	6797
2147	6798
1102	6799
6190	6800
4504	6801
7116	6802
7253	6803
2203	6804
9228	6805
4476	6806
2136	6807
4932	6808
9640	6809
4271	6810
3472	6811
3449	6812
1447	6813
3481	6814
9578	6815
697	6816
6980	6817
1263	6818
5559	6819
3884	6820
2335	6821
7508	6822
6805	6823
7268	6824
2391	6825
6791	6826
5306	6827
3435	6828
1169	6829
7424	6830
4296	6831
9472	6832
6057	6833
5558	6834
8409	6835
7475	6836
2043	6837
2071	6838
3179	6839
4675	6840
1359	6841
8204	6842
3222	6843
5433	6844
7340	6845
321	6846
1094	6847
4311	6848
8253	6849
8251	6850
7836	6851
1434	6852
1815	6853
4398	6854
2591	6855
9403	6856
7049	6857
4927	6858
4303	6859
5890	6860
2021	6861
5478	6862
172	6863
5576	6864
3293	6865
8519	6866
5095	6867
3019	6868
42	6869
5290	6870
3378	6871
7213	6872
8343	6873
7307	6874
8176	6875
4971	6876
7083	6877
7742	6878
5282	6879
8383	6880
4118	6881
4842	6882
6828	6883
9480	6884
740	6885
5704	6886
4655	6887
2923	6888
3417	6889
8141	6890
8043	6891
9235	6892
3760	6893
5710	6894
7557	6895
9095	6896
9617	6897
42	6898
4233	6899
265	6900
2998	6901
2567	6902
2851	6903
6833	6904
8751	6905
6381	6906
7518	6907
5203	6908
7071	6909
8970	6910
3787	6911
3692	6912
9415	6913
8233	6914
2487	6915
2129	6916
2247	6917
2332	6918
9198	6919
7634	6920
8873	6921
7733	6922
6631	6923
3276	6924
5051	6925
2635	6926
7254	6927
2320	6928
3473	6929
2515	6930
7455	6931
7331	6932
599	6933
7724	6934
7241	6935
1843	6936
4030	6937
4023	6938
1149	6939
2762	6940
49	6941
3216	6942
8036	6943
9037	6944
4139	6945
7092	6946
4955	6947
716	6948
2241	6949
224	6950
4537	6951
5438	6952
7379	6953
2523	6954
9149	6955
134	6956
6208	6957
4074	6958
8331	6959
8322	6960
5040	6961
5083	6962
7005	6963
473	6964
14	6965
4260	6966
3280	6967
6743	6968
4975	6969
132	6970
4973	6971
2325	6972
892	6973
2051	6974
8402	6975
6	6976
8846	6977
7853	6978
4533	6979
1751	6980
1928	6981
8250	6982
1351	6983
8731	6984
1871	6985
6185	6986
9506	6987
6186	6988
6040	6989
6630	6990
3521	6991
1866	6992
286	6993
4636	6994
4652	6995
8164	6996
6801	6997
8950	6998
1148	6999
7305	7000
7434	7001
7903	7002
9448	7003
7326	7004
6006	7005
6932	7006
339	7007
9321	7008
297	7009
3086	7010
7511	7011
2552	7012
1016	7013
7548	7014
6210	7015
2512	7016
3713	7017
2283	7018
7762	7019
3204	7020
7834	7021
8347	7022
9119	7023
5050	7024
8470	7025
1418	7026
5635	7027
1712	7028
271	7029
9519	7030
8391	7031
8194	7032
9041	7033
2024	7034
9257	7035
4099	7036
5304	7037
2188	7038
7002	7039
9213	7040
204	7041
7776	7042
9209	7043
5510	7044
5424	7045
8681	7046
409	7047
4919	7048
1924	7049
3681	7050
9259	7051
7571	7052
9421	7053
3362	7054
4146	7055
8426	7056
2768	7057
3875	7058
7949	7059
4747	7060
4619	7061
5403	7062
5182	7063
9062	7064
6368	7065
70	7066
4387	7067
8630	7068
457	7069
1797	7070
6997	7071
83	7072
3697	7073
6843	7074
5737	7075
6043	7076
9050	7077
6386	7078
8572	7079
5778	7080
2168	7081
3899	7082
5864	7083
5164	7084
5504	7085
451	7086
4860	7087
5534	7088
9088	7089
8796	7090
3566	7091
855	7092
2739	7093
6809	7094
7031	7095
3935	7096
1632	7097
2365	7098
531	7099
2359	7100
7037	7101
9456	7102
5692	7103
546	7104
4787	7105
5640	7106
648	7107
6674	7108
7263	7109
3501	7110
9540	7111
8045	7112
5911	7113
6292	7114
5703	7115
359	7116
2522	7117
8944	7118
4280	7119
6407	7120
519	7121
2823	7122
9452	7123
7680	7124
5117	7125
4873	7126
7020	7127
6013	7128
4097	7129
3892	7130
4651	7131
9310	7132
1156	7133
2812	7134
5493	7135
9006	7136
6935	7137
9435	7138
7779	7139
1921	7140
8349	7141
7382	7142
8113	7143
8848	7144
4016	7145
4314	7146
3636	7147
2057	7148
8486	7149
5351	7150
6200	7151
2620	7152
5978	7153
5871	7154
2790	7155
5879	7156
6319	7157
8949	7158
9283	7159
112	7160
8438	7161
7269	7162
8653	7163
4397	7164
2184	7165
9654	7166
6697	7167
1353	7168
8535	7169
1543	7170
3606	7171
7729	7172
3594	7173
4203	7174
3833	7175
9309	7176
4920	7177
8221	7178
8625	7179
5018	7180
5855	7181
3341	7182
8044	7183
2747	7184
2885	7185
6854	7186
8571	7187
5171	7188
1233	7189
8093	7190
5909	7191
6838	7192
8117	7193
7381	7194
4170	7195
5118	7196
37	7197
7766	7198
4753	7199
7356	7200
9554	7201
6735	7202
7337	7203
6233	7204
6790	7205
5934	7206
6950	7207
573	7208
1678	7209
3065	7210
6091	7211
1877	7212
9355	7213
7993	7214
807	7215
6627	7216
5064	7217
5442	7218
9441	7219
3085	7220
9503	7221
9544	7222
5196	7223
725	7224
6917	7225
5078	7226
7160	7227
8063	7228
6465	7229
1786	7230
9065	7231
921	7232
1655	7233
1994	7234
7877	7235
68	7236
5870	7237
3386	7238
1087	7239
7656	7240
4815	7241
2296	7242
8485	7243
8971	7244
9517	7245
4665	7246
4354	7247
6467	7248
4639	7249
9364	7250
4396	7251
7387	7252
2134	7253
4720	7254
2362	7255
4695	7256
8639	7257
142	7258
2252	7259
5597	7260
5605	7261
9550	7262
3867	7263
5247	7264
4987	7265
1349	7266
801	7267
9511	7268
2878	7269
2261	7270
4832	7271
2472	7272
5235	7273
1979	7274
5529	7275
5848	7276
6752	7277
1245	7278
8839	7279
115	7280
34	7281
6321	7282
3735	7283
6249	7284
5456	7285
4374	7286
8650	7287
4633	7288
5368	7289
8773	7290
3819	7291
2237	7292
3212	7293
8872	7294
9405	7295
1817	7296
2140	7297
5187	7298
3433	7299
1907	7300
1201	7301
4613	7302
5271	7303
917	7304
4422	7305
7589	7306
6668	7307
7627	7308
2277	7309
5212	7310
7353	7311
3963	7312
7308	7313
8587	7314
8183	7315
2903	7316
1673	7317
2612	7318
8825	7319
2019	7320
3022	7321
543	7322
718	7323
6184	7324
6106	7325
6535	7326
444	7327
1852	7328
7750	7329
8708	7330
4518	7331
3416	7332
4005	7333
6274	7334
2278	7335
7654	7336
9163	7337
612	7338
4321	7339
4256	7340
4879	7341
3332	7342
5650	7343
5961	7344
3835	7345
6493	7346
5489	7347
6929	7348
5483	7349
143	7350
8241	7351
2884	7352
4663	7353
1810	7354
9535	7355
1504	7356
5579	7357
1514	7358
4984	7359
3849	7360
8478	7361
2752	7362
2811	7363
1891	7364
5555	7365
9018	7366
393	7367
2159	7368
6092	7369
5402	7370
6019	7371
7939	7372
901	7373
4926	7374
5123	7375
7218	7376
247	7377
6629	7378
2165	7379
1906	7380
5151	7381
895	7382
7620	7383
384	7384
238	7385
6616	7386
7524	7387
3348	7388
4802	7389
8342	7390
9130	7391
8898	7392
3802	7393
9313	7394
5531	7395
5938	7396
8263	7397
6100	7398
5209	7399
6059	7400
5862	7401
7927	7402
1858	7403
4244	7404
7831	7405
2258	7406
9021	7407
6284	7408
7030	7409
2755	7410
9189	7411
7230	7412
1218	7413
8648	7414
184	7415
7093	7416
3440	7417
3020	7418
6046	7419
50	7420
1174	7421
6597	7422
7648	7423
8104	7424
181	7425
6231	7426
3911	7427
9123	7428
3864	7429
7108	7430
2054	7431
4108	7432
4181	7433
4532	7434
659	7435
4653	7436
5058	7437
110	7438
8285	7439
7496	7440
279	7441
6012	7442
4515	7443
9499	7444
6195	7445
1257	7446
7726	7447
1958	7448
7736	7449
361	7450
2101	7451
6834	7452
5762	7453
8146	7454
8053	7455
6569	7456
6419	7457
1070	7458
9247	7459
3195	7460
4162	7461
9473	7462
281	7463
2870	7464
7047	7465
5106	7466
225	7467
1380	7468
2264	7469
6396	7470
1773	7471
9500	7472
8748	7473
5226	7474
7311	7475
6345	7476
6593	7477
3768	7478
923	7479
4554	7480
5268	7481
3307	7482
7862	7483
2707	7484
7715	7485
2757	7486
3289	7487
8585	7488
2185	7489
9152	7490
5388	7491
8454	7492
2394	7493
8457	7494
8613	7495
9263	7496
2449	7497
520	7498
4511	7499
5773	7500
2111	7501
7467	7502
7065	7503
484	7504
6602	7505
6826	7506
746	7507
1142	7508
1978	7509
7447	7510
8947	7511
5193	7512
3657	7513
2991	7514
4597	7515
420	7516
6010	7517
3356	7518
631	7519
5853	7520
696	7521
3450	7522
237	7523
7453	7524
3879	7525
155	7526
5361	7527
6455	7528
6490	7529
8283	7530
113	7531
7495	7532
745	7533
9447	7534
1031	7535
3625	7536
969	7537
1217	7538
1682	7539
7195	7540
5373	7541
1646	7542
4124	7543
9102	7544
2893	7545
4890	7546
1530	7547
2644	7548
156	7549
19	7550
3461	7551
3469	7552
1917	7553
8370	7554
2484	7555
8213	7556
4863	7557
8032	7558
4036	7559
5060	7560
71	7561
3693	7562
5548	7563
2802	7564
2000	7565
6256	7566
2072	7567
4829	7568
1295	7569
6120	7570
914	7571
7244	7572
3810	7573
6265	7574
3746	7575
6926	7576
3458	7577
6938	7578
5089	7579
5788	7580
7085	7581
2844	7582
177	7583
6945	7584
541	7585
5646	7586
3526	7587
6858	7588
7153	7589
1358	7590
3732	7591
497	7592
665	7593
6928	7594
6385	7595
287	7596
4883	7597
6078	7598
9178	7599
7868	7600
8717	7601
45	7602
1806	7603
5105	7604
2378	7605
196	7606
5670	7607
3268	7608
9091	7609
90	7610
1828	7611
8348	7612
8851	7613
2653	7614
9246	7615
1524	7616
6871	7617
5010	7618
6302	7619
7055	7620
7799	7621
1487	7622
7677	7623
7449	7624
9485	7625
722	7626
5891	7627
5345	7628
8564	7629
7665	7630
7824	7631
8954	7632
2413	7633
3164	7634
3829	7635
3813	7636
5740	7637
5644	7638
7285	7639
2649	7640
507	7641
4824	7642
2724	7643
1634	7644
5735	7645
8415	7646
5150	7647
6131	7648
1813	7649
2457	7650
1812	7651
6144	7652
9595	7653
3505	7654
5562	7655
249	7656
1894	7657
2343	7658
5316	7659
5241	7660
2010	7661
6394	7662
139	7663
7748	7664
1073	7665
660	7666
171	7667
5957	7668
3686	7669
49	7670
252	7671
1486	7672
200	7673
3105	7674
5987	7675
394	7676
500	7677
9019	7678
6979	7679
4417	7680
2152	7681
7210	7682
4980	7683
5363	7684
5958	7685
6062	7686
2171	7687
79	7688
146	7689
4091	7690
5540	7691
2836	7692
7632	7693
3714	7694
3684	7695
4581	7696
6245	7697
5526	7698
7240	7699
351	7700
5930	7701
6171	7702
1002	7703
4265	7704
6541	7705
7556	7706
944	7707
2439	7708
1425	7709
7613	7710
8999	7711
282	7712
6174	7713
9298	7714
6772	7715
6338	7716
1932	7717
4190	7718
3446	7719
2396	7720
5726	7721
6573	7722
1410	7723
9470	7724
6349	7725
7150	7726
9453	7727
405	7728
7727	7729
4799	7730
964	7731
4974	7732
4979	7733
8362	7734
3468	7735
8022	7736
241	7737
3218	7738
2822	7739
4409	7740
4224	7741
2562	7742
2193	7743
8881	7744
1350	7745
6700	7746
2103	7747
5283	7748
172	7749
5115	7750
1882	7751
7277	7752
4641	7753
9657	7754
5342	7755
3549	7756
75	7757
6579	7758
3011	7759
4778	7760
191	7761
9112	7762
8114	7763
8598	7764
7576	7765
6424	7766
1285	7767
8178	7768
194	7769
2294	7770
5963	7771
2921	7772
9172	7773
8692	7774
2682	7775
4257	7776
4737	7777
8854	7778
7579	7779
3771	7780
7051	7781
4472	7782
3555	7783
2872	7784
5675	7785
7810	7786
975	7787
8876	7788
203	7789
542	7790
983	7791
5443	7792
1055	7793
5447	7794
6007	7795
4437	7796
8059	7797
7312	7798
7041	7799
3225	7800
7446	7801
3614	7802
8091	7803
4774	7804
432	7805
2411	7806
6850	7807
3017	7808
5140	7809
4649	7810
3253	7811
6275	7812
7497	7813
1551	7814
7057	7815
3004	7816
1763	7817
270	7818
8434	7819
1385	7820
7754	7821
6346	7822
9513	7823
137	7824
9314	7825
1826	7826
2164	7827
2090	7828
6461	7829
5253	7830
1133	7831
2835	7832
2974	7833
5047	7834
7808	7835
7478	7836
1170	7837
7050	7838
8812	7839
6922	7840
106	7841
9362	7842
9086	7843
8518	7844
762	7845
1909	7846
6568	7847
2751	7848
259	7849
3643	7850
2569	7851
1036	7852
9446	7853
9280	7854
6948	7855
9572	7856
721	7857
2869	7858
4578	7859
6377	7860
6301	7861
3389	7862
6260	7863
3053	7864
1383	7865
6209	7866
8981	7867
74	7868
4370	7869
2637	7870
2905	7871
1395	7872
759	7873
6570	7874
3940	7875
3568	7876
4854	7877
4502	7878
9180	7879
9052	7880
2476	7881
8271	7882
6487	7883
7319	7884
126	7885
48	7886
5766	7887
174	7888
6900	7889
5068	7890
6071	7891
2037	7892
2882	7893
2536	7894
5977	7895
1637	7896
8845	7897
5620	7898
8935	7899
1748	7900
9579	7901
7685	7902
211	7903
1624	7904
2528	7905
7363	7906
6347	7907
1930	7908
9484	7909
6372	7910
3202	7911
5682	7912
5690	7913
182	7914
6969	7915
287	7916
9557	7917
2855	7918
4596	7919
742	7920
178	7921
8594	7922
3633	7923
8926	7924
3669	7925
8966	7926
4722	7927
6921	7928
198	7929
6489	7930
9561	7931
5753	7932
5580	7933
7882	7934
3283	7935
7520	7936
1215	7937
6082	7938
3193	7939
6293	7940
7503	7941
3635	7942
992	7943
2833	7944
6215	7945
3174	7946
9560	7947
7176	7948
7034	7949
1342	7950
10	7951
7880	7952
1220	7953
1586	7954
8428	7955
2463	7956
5543	7957
5310	7958
4838	7959
662	7960
5518	7961
6	7962
8315	7963
3873	7964
2379	7965
5610	7966
2676	7967
2285	7968
8651	7969
2710	7970
4400	7971
5935	7972
6475	7973
4642	7974
3035	7975
5053	7976
3634	7977
63	7978
609	7979
235	7980
496	7981
9173	7982
6322	7983
2839	7984
4015	7985
7700	7986
9322	7987
8904	7988
7500	7989
1064	7990
2856	7991
6832	7992
5724	7993
5398	7994
4811	7995
4127	7996
8995	7997
3797	7998
101	7999
3965	8000
9054	8001
563	8002
7180	8003
7837	8004
21	8005
9082	8006
7519	8007
25	8008
1770	8009
8716	8010
4098	8011
4473	8012
8182	8013
2270	8014
8547	8015
6872	8016
9649	8017
4520	8018
5158	8019
4522	8020
6855	8021
2850	8022
5827	8023
7113	8024
5723	8025
267	8026
5384	8027
4904	8028
4356	8029
1401	8030
6720	8031
7970	8032
6354	8033
4053	8034
5882	8035
5833	8036
8077	8037
693	8038
5607	8039
5678	8040
2488	8041
9296	8042
2055	8043
6175	8044
3882	8045
3141	8046
9556	8047
382	8048
2039	8049
3515	8050
3078	8051
4843	8052
560	8053
4359	8054
465	8055
4646	8056
284	8057
2791	8058
5454	8059
503	8060
4566	8061
8763	8062
2576	8063
872	8064
7893	8065
2503	8066
9330	8067
5706	8068
9489	8069
5262	8070
6867	8071
7324	8072
4924	8073
2848	8074
3846	8075
2723	8076
12	8077
8451	8078
1052	8079
5430	8080
5391	8081
6070	8082
5584	8083
7298	8084
1768	8085
9245	8086
8340	8087
4415	8088
9417	8089
4574	8090
5057	8091
111	8092
1360	8093
9010	8094
1481	8095
3151	8096
5317	8097
3334	8098
7933	8099
239	8100
6765	8101
8862	8102
8561	8103
1407	8104
6947	8105
6266	8106
5337	8107
680	8108
9307	8109
4341	8110
3570	8111
3097	8112
2333	8113
3107	8114
2345	8115
3784	8116
7539	8117
130	8118
8801	8119
3790	8120
106	8121
817	8122
5293	8123
8706	8124
6532	8125
6355	8126
4506	8127
7765	8128
7802	8129
6506	8130
1840	8131
6343	8132
2897	8133
6204	8134
261	8135
1019	8136
2627	8137
4262	8138
6201	8139
3441	8140
7016	8141
1886	8142
5	8143
3338	8144
1095	8145
8705	8146
8885	8147
2640	8148
8565	8149
5461	8150
5921	8151
7101	8152
689	8153
6415	8154
3805	8155
8777	8156
6458	8157
4066	8158
3198	8159
1692	8160
9193	8161
1408	8162
7157	8163
6114	8164
6183	8165
5112	8166
1925	8167
1553	8168
5777	8169
54	8170
3573	8171
6953	8172
4140	8173
7484	8174
2344	8175
4658	8176
900	8177
9652	8178
2364	8179
6077	8180
7209	8181
438	8182
6894	8183
9265	8184
7673	8185
5386	8186
6961	8187
5754	8188
1134	8189
5708	8190
370	8191
3290	8192
7752	8193
5861	8194
8931	8195
5651	8196
9195	8197
4007	8198
3871	8199
8299	8200
1138	8201
402	8202
2387	8203
5087	8204
1003	8205
6786	8206
873	8207
3888	8208
1406	8209
4294	8210
381	8211
3886	8212
5441	8213
5599	8214
198	8215
5387	8216
1415	8217
4845	8218
2404	8219
5718	8220
2157	8221
760	8222
70	8223
554	8224
469	8225
4960	8226
8670	8227
1756	8228
1348	8229
6859	8230
6472	8231
4122	8232
2809	8233
2766	8234
95	8235
2690	8236
1448	8237
3077	8238
9106	8239
6000	8240
3779	8241
5063	8242
1779	8243
7304	8244
9153	8245
8728	8246
6413	8247
367	8248
4364	8249
1803	8250
2225	8251
2795	8252
1943	8253
13	8254
6793	8255
2864	8256
8743	8257
9188	8258
5503	8259
1919	8260
7640	8261
4820	8262
4954	8263
5637	8264
3284	8265
6431	8266
9127	8267
5839	8268
2622	8269
1310	8270
3201	8271
3624	8272
3583	8273
6686	8274
6083	8275
962	8276
22	8277
6236	8278
5795	8279
5065	8280
9179	8281
4928	8282
521	8283
4999	8284
1451	8285
157	8286
2041	8287
149	8288
8235	8289
6596	8290
7052	8291
3995	8292
151	8293
7066	8294
6962	8295
6048	8296
628	8297
9137	8298
8219	8299
2291	8300
6375	8301
3959	8302
6009	8303
7959	8304
6492	8305
1500	8306
73	8307
4173	8308
1015	8309
593	8310
1737	8311
6192	8312
255	8313
4741	8314
4208	8315
2917	8316
6228	8317
657	8318
135	8319
93	8320
6014	8321
7642	8322
2036	8323
8592	8324
5998	8325
8641	8326
3916	8327
2943	8328
1784	8329
212	8330
2553	8331
1537	8332
4643	8333
6405	8334
3767	8335
46	8336
8629	8337
8883	8338
981	8339
99	8340
7721	8341
7789	8342
3460	8343
5514	8344
7398	8345
262	8346
1589	8347
2785	8348
8819	8349
6852	8350
6707	8351
5659	8352
4959	8353
9593	8354
4784	8355
25	8356
123	8357
6936	8358
4817	8359
5698	8360
6650	8361
4047	8362
2300	8363
8259	8364
7191	8365
278	8366
8666	8367
8595	8368
7167	8369
8669	8370
9397	8371
3743	8372
2933	8373
4323	8374
1449	8375
570	8376
8065	8377
1697	8378
3839	8379
3776	8380
8002	8381
9567	8382
2985	8383
6432	8384
7801	8385
2240	8386
6278	8387
2820	8388
6865	8389
8735	8390
1832	8391
1495	8392
4267	8393
2638	8394
8163	8395
6282	8396
1375	8397
1409	8398
203	8399
8755	8400
7990	8401
4135	8402
6652	8403
8138	8404
33	8405
3532	8406
6480	8407
8951	8408
2141	8409
893	8410
5701	8411
1703	8412
3241	8413
2004	8414
2699	8415
4690	8416
201	8417
967	8418
2929	8419
8965	8420
3646	8421
9384	8422
9034	8423
2815	8424
1498	8425
1991	8426
629	8427
2860	8428
9261	8429
65	8430
2961	8431
943	8432
9135	8433
7940	8434
124	8435
8363	8436
2728	8437
166	8438
2981	8439
5578	8440
1120	8441
1781	8442
5149	8443
5785	8444
7737	8445
9388	8446
8049	8447
1213	8448
8507	8449
6930	8450
2664	8451
8721	8452
4288	8453
8749	8454
8855	8455
2338	8456
8647	8457
9380	8458
8201	8459
795	8460
5951	8461
1868	8462
2763	8463
4496	8464
1795	8465
8152	8466
8397	8467
4027	8468
6300	8469
352	8470
5552	8471
8779	8472
8266	8473
4268	8474
4560	8475
3734	8476
903	8477
5273	8478
1232	8479
4325	8480
6240	8481
7348	8482
7614	8483
6153	8484
756	8485
704	8486
2373	8487
3	8488
8239	8489
3673	8490
2494	8491
908	8492
774	8493
2818	8494
9249	8495
7914	8496
9049	8497
1193	8498
3652	8499
168	8500
9107	8501
5903	8502
7074	8503
353	8504
6661	8505
3056	8506
8078	8507
7908	8508
824	8509
7199	8510
145	8511
625	8512
1119	8513
189	8514
6774	8515
3781	8516
6364	8517
574	8518
7744	8519
2541	8520
1562	8521
9081	8522
4949	8523
2876	8524
8329	8525
4956	8526
695	8527
3068	8528
8986	8529
2256	8530
5997	8531
2006	8532
4092	8533
9573	8534
7732	8535
9304	8536
7033	8537
2686	8538
3672	8539
4885	8540
5177	8541
4623	8542
7892	8543
1738	8544
7610	8545
3885	8546
5332	8547
8586	8548
8121	8549
5333	8550
5711	8551
2124	8552
92	8553
7725	8554
7299	8555
8612	8556
8016	8557
9210	8558
5202	8559
2302	8560
9418	8561
2911	8562
1014	8563
8945	8564
5020	8565
3089	8566
4216	8567
4112	8568
9113	8569
5748	8570
5297	8571
5475	8572
7487	8573
6642	8574
758	8575
587	8576
6749	8577
6044	8578
9319	8579
5329	8580
8071	8581
215	8582
7389	8583
8576	8584
2154	8585
1251	8586
3629	8587
6367	8588
1403	8589
847	8590
5255	8591
2122	8592
2772	8593
7357	8594
3320	8595
6844	8596
6591	8597
6636	8598
1783	8599
8538	8600
1461	8601
3228	8602
3380	8603
3737	8604
9498	8605
3000	8606
3883	8607
2424	8608
9360	8609
6963	8610
298	8611
1108	8612
2978	8613
1116	8614
7161	8615
3486	8616
1262	8617
4336	8618
135	8619
7739	8620
2586	8621
3452	8622
627	8623
3103	8624
6796	8625
7866	8626
4573	8627
4119	8628
2486	8629
56	8630
3720	8631
39	8632
7345	8633
7008	8634
9212	8635
9346	8636
4009	8637
7760	8638
8467	8639
3282	8640
3615	8641
2803	8642
3431	8643
7615	8644
557	8645
995	8646
1459	8647
5266	8648
7151	8649
4164	8650
3632	8651
4807	8652
9026	8653
6519	8654
9492	8655
4911	8656
3260	8657
6033	8658
3996	8659
2534	8660
8813	8661
7743	8662
6311	8663
2110	8664
2880	8665
7416	8666
9478	8667
6226	8668
7427	8669
201	8670
4841	8671
2360	8672
1436	8673
3443	8674
3709	8675
8203	8676
5249	8677
1873	8678
7813	8679
8757	8680
7659	8681
8786	8682
8591	8683
8431	8684
348	8685
5622	8686
300	8687
2717	8688
6841	8689
2624	8690
5814	8691
8087	8692
110	8693
5569	8694
8031	8695
3929	8696
4399	8697
5	8698
6751	8699
4672	8700
5136	8701
8983	8702
6270	8703
5378	8704
7588	8705
6847	8706
2949	8707
1650	8708
2438	8709
280	8710
4505	8711
8814	8712
3050	8713
977	8714
139	8715
6474	8716
8018	8717
7890	8718
517	8719
4620	8720
3676	8721
2408	8722
3465	8723
1160	8724
7169	8725
5169	8726
3246	8727
1937	8728
7286	8729
9597	8730
1074	8731
3932	8732
6310	8733
9104	8734
608	8735
4421	8736
1072	8737
6255	8738
1114	8739
6096	8740
9621	8741
3563	8742
1172	8743
6440	8744
9007	8745
9477	8746
8050	8747
8202	8748
108	8749
439	8750
6808	8751
6483	8752
7290	8753
6285	8754
6706	8755
5713	8756
6558	8757
2947	8758
6726	8759
6426	8760
5086	8761
9653	8762
2324	8763
5810	8764
7641	8765
1191	8766
5608	8767
16	8768
7740	8769
7221	8770
4562	8771
2972	8772
5414	8773
5457	8774
537	8775
8632	8776
3220	8777
5314	8778
6919	8779
6337	8780
6115	8781
1880	8782
413	8783
1545	8784
9003	8785
2887	8786
5192	8787
2780	8788
6436	8789
7887	8790
7867	8791
137	8792
2600	8793
9601	8794
4834	8795
7852	8796
1270	8797
3263	8798
5624	8799
1717	8800
1567	8801
1965	8802
4603	8803
7426	8804
1778	8805
737	8806
650	8807
2926	8808
3343	8809
6403	8810
2866	8811
6109	8812
7707	8813
1356	8814
3188	8815
5972	8816
3861	8817
5038	8818
3738	8819
8133	8820
2466	8821
2347	8822
8636	8823
5392	8824
2568	8825
5588	8826
204	8827
7380	8828
2073	8829
767	8830
1723	8831
4654	8832
220	8833
1318	8834
8217	8835
8462	8836
688	8837
5750	8838
3444	8839
5023	8840
2001	8841
6166	8842
128	8843
2573	8844
1593	8845
2079	8846
7227	8847
1230	8848
108	8849
2447	8850
237	8851
7159	8852
8566	8853
2706	8854
8477	8855
5501	8856
1137	8857
2582	8858
3602	8859
8933	8860
1997	8861
5173	8862
4148	8863
115	8864
269	8865
4087	8866
6729	8867
3009	8868
2381	8869
2366	8870
1536	8871
986	8872
1765	8873
1520	8874
3706	8875
5204	8876
1709	8877
160	8878
8937	8879
8498	8880
2023	8881
4295	8882
4994	8883
2401	8884
3163	8885
7282	8886
1167	8887
3603	8888
7451	8889
1762	8890
5110	8891
4	8892
6658	8893
7384	8894
4443	8895
4	8896
2906	8897
8034	8898
1443	8899
1041	8900
4	8901
6699	8902
5942	8903
562	8904
1183	8905
2135	8906
46	8907
5946	8908
4480	8909
5035	8910
4822	8911
7296	8912
6780	8913
9032	8914
927	8915
2257	8916
4608	8917
2377	8918
8857	8919
6692	8920
5673	8921
2971	8922
9350	8923
3084	8924
8541	8925
1854	8926
3372	8927
1578	8928
8119	8929
2368	8930
3404	8931
7947	8932
2308	8933
19	8934
44	8935
7510	8936
4488	8937
6803	8938
4187	8939
403	8940
6975	8941
5179	8942
4736	8943
105	8944
980	8945
8524	8946
5617	8947
9442	8948
5269	8949
2210	8950
2479	8951
2735	8952
5163	8953
136	8954
7141	8955
9233	8956
4077	8957
6698	8958
7134	8959
6466	8960
1834	8961
7121	8962
4687	8963
9628	8964
121	8965
3456	8966
1571	8967
9429	8968
3748	8969
2571	8970
4648	8971
3721	8972
98	8973
7690	8974
2346	8975
5045	8976
6399	8977
5365	8978
2048	8979
2075	8980
188	8981
839	8982
6693	8983
602	8984
7506	8985
945	8986
3181	8987
85	8988
5318	8989
7360	8990
9215	8991
2180	8992
8297	8993
7395	8994
7703	8995
4357	8996
2529	8997
354	8998
8682	8999
6024	9000
4123	9001
2806	9002
5791	9003
8082	9004
7542	9005
3354	9006
474	9007
7010	9008
5336	9009
7460	9010
3695	9011
9460	9012
1444	9013
119	9014
8725	9015
4766	9016
7303	9017
456	9018
2216	9019
7171	9020
6437	9021
7962	9022
3211	9023
5618	9024
711	9025
52	9026
437	9027
166	9028
1039	9029
6216	9030
8890	9031
6777	9032
6727	9033
8589	9034
9014	9035
8516	9036
1194	9037
1510	9038
1833	9039
3704	9040
3644	9041
7783	9042
5889	9043
5986	9044
7119	9045
7359	9046
687	9047
5983	9048
4058	9049
2012	9050
2163	9051
3455	9052
5323	9053
6060	9054
814	9055
5824	9056
6628	9057
2121	9058
6030	9059
24	9060
24	9061
6133	9062
7891	9063
23	9064
306	9065
9139	9066
1772	9067
994	9068
1082	9069
1705	9070
2821	9071
1186	9072
3379	9073
2138	9074
2705	9075
2384	9076
4440	9077
5231	9078
5749	9079
7125	9080
2437	9081
8392	9082
276	9083
3387	9084
3408	9085
6276	9086
4704	9087
4888	9088
3593	9089
3578	9090
5210	9091
8106	9092
4174	9093
1896	9094
3869	9095
8223	9096
8358	9097
6909	9098
5257	9099
3942	9100
2008	9101
9323	9102
7848	9103
9157	9104
4528	9105
1617	9106
3165	9107
5101	9108
2218	9109
1642	9110
4604	9111
3194	9112
2272	9113
5950	9114
8089	9115
3631	9116
4412	9117
424	9118
7580	9119
2693	9120
8596	9121
4442	9122
4783	9123
2086	9124
4176	9125
9568	9126
3876	9127
5586	9128
4178	9129
5411	9130
853	9131
661	9132
3230	9133
3070	9134
5488	9135
9523	9136
9562	9137
2222	9138
53	9139
8750	9140
9502	9141
1199	9142
5272	9143
7165	9144
4044	9145
7075	9146
1040	9147
3002	9148
9320	9149
1190	9150
1281	9151
9486	9152
1053	9153
4598	9154
5390	9155
7281	9156
1268	9157
7163	9158
6657	9159
663	9160
4121	9161
9120	9162
8083	9163
1104	9164
812	9165
2636	9166
5215	9167
4867	9168
3539	9169
2492	9170
6993	9171
4034	9172
4165	9173
1949	9174
8792	9175
5111	9176
1761	9177
24	9178
1603	9179
4226	9180
3951	9181
8446	9182
8797	9183
5798	9184
8664	9185
7188	9186
4922	9187
2464	9188
2371	9189
2913	9190
649	9191
7958	9192
5107	9193
8257	9194
5804	9195
5817	9196
1054	9197
6151	9198
431	9199
2877	9200
232	9201
8637	9202
145	9203
5542	9204
5088	9205
4292	9206
3860	9207
3128	9208
6360	9209
3100	9210
7961	9211
4219	9212
127	9213
6032	9214
8603	9215
5354	9216
1863	9217
6655	9218
4273	9219
3429	9220
1647	9221
3296	9222
20	9223
8414	9224
9085	9225
8555	9226
3749	9227
7117	9228
9558	9229
3799	9230
5431	9231
7208	9232
4013	9233
3010	9234
13	9235
3665	9236
6955	9237
2606	9238
8956	9239
1075	9240
7325	9241
7509	9242
1317	9243
9250	9244
9177	9245
8932	9246
3152	9247
4376	9248
8989	9249
2847	9250
3	9251
9078	9252
4261	9253
6831	9254
177	9255
2155	9256
9087	9257
4095	9258
2907	9259
4073	9260
4355	9261
3584	9262
6499	9263
1058	9264
5094	9265
1722	9266
898	9267
9541	9268
6836	9269
7926	9270
9539	9271
2046	9272
1079	9273
9639	9274
3051	9275
924	9276
7425	9277
734	9278
4252	9279
2561	9280
2508	9281
7972	9282
2397	9283
4913	9284
6681	9285
6677	9286
3975	9287
8169	9288
4217	9289
9449	9290
9549	9291
5127	9292
2214	9293
936	9294
1435	9295
2455	9296
7671	9297
9121	9298
3040	9299
1849	9300
6594	9301
8161	9302
8261	9303
5072	9304
8442	9305
9332	9306
4801	9307
8920	9308
8520	9309
5917	9310
7562	9311
3353	9312
5826	9313
7983	9314
8840	9315
884	9316
6719	9317
7728	9318
9053	9319
5189	9320
6370	9321
9055	9322
5380	9323
4351	9324
1780	9325
8496	9326
2867	9327
6331	9328
7334	9329
831	9330
9463	9331
253	9332
7912	9333
1208	9334
5056	9335
2493	9336
3947	9337
6730	9338
4402	9339
243	9340
4905	9341
7228	9342
7498	9343
5487	9344
6524	9345
283	9346
1361	9347
1258	9348
3111	9349
5989	9350
7197	9351
7070	9352
2469	9353
9199	9354
2415	9355
7669	9356
8226	9357
961	9358
2450	9359
5733	9360
1341	9361
3756	9362
989	9363
5681	9364
227	9365
1844	9366
4962	9367
871	9368
5683	9369
4870	9370
1618	9371
8811	9372
7697	9373
3956	9374
869	9375
8521	9376
6053	9377
6603	9378
8073	9379
1332	9380
2669	9381
4948	9382
614	9383
350	9384
3477	9385
4391	9386
5486	9387
217	9388
502	9389
8208	9390
4157	9391
3125	9392
8069	9393
8923	9394
6545	9395
9138	9396
2738	9397
5982	9398
8864	9399
7878	9400
8060	9401
8244	9402
4466	9403
5767	9404
5669	9405
1953	9406
8424	9407
5896	9408
1271	9409
8919	9410
479	9411
1293	9412
6248	9413
5364	9414
8237	9415
2874	9416
8660	9417
513	9418
979	9419
8621	9420
5685	9421
6308	9422
3680	9423
5415	9424
5103	9425
978	9426
3247	9427
4896	9428
4245	9429
1429	9430
3769	9431
401	9432
32	9433
2861	9434
2497	9435
2232	9436
59	9437
3504	9438
3240	9439
7905	9440
686	9441
1941	9442
1366	9443
2390	9444
8635	9445
1944	9446
2266	9447
2574	9448
3489	9449
2112	9450
2317	9451
2315	9452
653	9453
2298	9454
4762	9455
571	9456
2276	9457
3462	9458
2235	9459
3527	9460
1787	9461
8461	9462
6799	9463
1746	9464
99	9465
7946	9466
3008	9467
258	9468
2042	9469
7474	9470
7638	9471
1168	9472
5288	9473
2652	9474
2761	9475
1740	9476
5176	9477
4471	9478
7035	9479
4844	9480
8551	9481
8110	9482
6882	9483
3939	9484
6695	9485
5022	9486
3484	9487
3552	9488
7558	9489
6640	9490
4348	9491
672	9492
3266	9493
8327	9494
4324	9495
8120	9496
4966	9497
8356	9498
9012	9499
441	9500
6263	9501
3375	9502
9077	9503
9255	9504
2007	9505
7289	9506
2181	9507
8012	9508
1391	9509
7784	9510
8967	9511
3921	9512
6517	9513
9181	9514
7349	9515
141	9516
8713	9517
165	9518
5033	9519
4483	9520
3792	9521
7709	9522
9201	9523
6943	9524
3950	9525
3599	9526
5347	9527
4410	9528
5947	9529
674	9530
9306	9531
9345	9532
7464	9533
1496	9534
5535	9535
3034	9536
1298	9537
1517	9538
197	9539
4072	9540
6400	9541
4947	9542
1973	9543
4103	9544
6315	9545
9334	9546
5413	9547
6538	9548
8086	9549
3261	9550
5037	9551
3370	9552
2038	9553
670	9554
12	9555
3841	9556
2987	9557
1478	9558
6845	9559
5275	9560
5916	9561
4590	9562
8321	9563
4862	9564
4769	9565
6986	9566
6638	9567
1044	9568
3432	9569
911	9570
2633	9571
6931	9572
8111	9573
822	9574
710	9575
131	9576
4134	9577
4970	9578
1970	9579
3866	9580
7468	9581
7598	9582
1881	9583
5259	9584
7564	9585
4069	9586
4800	9587
5820	9588
7102	9589
7996	9590
3064	9591
6238	9592
9277	9593
8471	9594
2498	9595
5436	9596
3954	9597
5758	9598
7292	9599
5026	9600
3507	9601
805	9602
3236	9603
2482	9604
243	9605
6018	9606
1462	9607
6110	9608
4454	9609
8781	9610
5763	9611
18	9612
9413	9613
5596	9614
3605	9615
3909	9616
341	9617
228	9618
5367	9619
9170	9620
4189	9621
8769	9622
1822	9623
3480	9624
6126	9625
5658	9626
40	9627
5786	9628
866	9629
1284	9630
7106	9631
169	9632
223	9633
8525	9634
6501	9635
6626	9636
5642	9637
3061	9638
416	9639
9223	9640
7087	9641
30	9642
7454	9643
7300	9644
9027	9645
1613	9646
183	9647
1951	9648
4617	9649
4618	9650
1788	9651
4125	9652
8126	9653
809	9654
4346	9655
7310	9656
184	9657
2539	9658
755	9659
6576	9660
5147	9661
841	9662
3294	9663
4388	9664
8101	9665
4786	9666
8150	9667
9276	9668
2555	9669
7756	9670
9339	9671
269	9672
5854	9673
1246	9674
54	9675
1615	9676
6776	9677
1724	9678
719	9679
1062	9680
7702	9681
3601	9682
3897	9683
5197	9684
4792	9685
8600	9686
4232	9687
2133	9688
6744	9689
9419	9690
9300	9691
4159	9692
1176	9693
3994	9694
7827	9695
8328	9696
32	9697
9148	9698
642	9699
8184	9700
8227	9701
2902	9702
4379	9703
9258	9704
1125	9705
1576	9706
6383	9707
8874	9708
8870	9709
868	9710
6102	9711
2011	9712
1244	9713
4710	9714
6222	9715
2518	9716
2859	9717
226	9718
6150	9719
2989	9720
8924	9721
7672	9722
6280	9723
930	9724
6794	9725
3794	9726
3448	9727
2581	9728
7901	9729
5561	9730
2963	9731
245	9732
189	9733
3161	9734
875	9735
2323	9736
1004	9737
8192	9738
147	9739
147	9740
1857	9741
2461	9742
668	9743
1707	9744
58	9745
8522	9746
9225	9747
9547	9748
6213	9749
3598	9750
6633	9751
8584	9752
4405	9753
4790	9754
9514	9755
4717	9756
3093	9757
7261	9758
7716	9759
491	9760
6976	9761
3675	9762
559	9763
748	9764
6802	9765
3773	9766
7054	9767
1667	9768
4757	9769
2544	9770
2220	9771
4667	9772
8264	9773
5688	9774
4237	9775
8903	9776
6291	9777
4298	9778
3543	9779
8396	9780
2465	9781
2540	9782
5500	9783
6574	9784
5775	9785
1471	9786
8019	9787
1103	9788
488	9789
2542	9790
5797	9791
5606	9792
8795	9793
3753	9794
5925	9795
3090	9796
4264	9797
592	9798
7003	9799
8386	9800
1985	9801
2937	9802
9344	9803
6553	9804
9570	9805
3385	9806
604	9807
803	9808
2924	9809
4126	9810
6599	9811
9005	9812
9476	9813
7243	9814
1238	9815
8198	9816
7663	9817
192	9818
8844	9819
2304	9820
2367	9821
1455	9822
2309	9823
1264	9824
9546	9825
664	9826
5248	9827
9646	9828
7860	9829
5080	9830
9269	9831
8767	9832
3850	9833
7004	9834
3057	9835
8172	9836
84	9837
8354	9838
8631	9839
9571	9840
1741	9841
6737	9842
472	9843
7231	9844
1559	9845
9443	9846
3722	9847
3148	9848
3891	9849
2890	9850
3124	9851
7264	9852
1223	9853
5350	9854
36	9855
9244	9856
6066	9857
8311	9858
8373	9859
7439	9860
6095	9861
4084	9862
3368	9863
3303	9864
3977	9865
9090	9866
6679	9867
3047	9868
8618	9869
7998	9870
7757	9871
7774	9872
5613	9873
1414	9874
5421	9875
6825	9876
779	9877
4872	9878
5796	9879
3110	9880
2932	9881
3144	9882
1729	9883
9507	9884
2231	9885
296	9886
2228	9887
3836	9888
929	9889
1584	9890
3627	9891
4943	9892
8274	9893
1221	9894
1685	9895
3845	9896
2297	9897
10	9898
9183	9899
3108	9900
8578	9901
3044	9902
4426	9903
732	9904
4484	9905
2853	9906
3411	9907
18	9908
8350	9909
131	9910
7683	9911
4953	9912
4184	9913
3828	9914
2992	9915
1204	9916
1574	9917
6080	9918
5166	9919
76	9920
1807	9921
5477	9922
7751	9923
2104	9924
7024	9925
4593	9926
222	9927
4985	9928
4857	9929
9494	9930
8914	9931
617	9932
556	9933
1181	9934
6665	9935
3006	9936
4745	9937
4945	9938
3537	9939
1177	9940
6539	9941
8958	9942
2962	9943
2743	9944
5616	9945
2474	9946
4541	9947
5480	9948
1485	9949
2066	9950
397	9951
1049	9952
464	9953
8443	9954
3577	9955
4606	9956
4427	9957
2948	9958
125	9959
7859	9960
7803	9961
6520	9962
3262	9963
2538	9964
8533	9965
7399	9966
2166	9967
1	9968
8976	9969
257	9970
142	9971
7112	9972
5715	9973
1948	9974
35	9975
62	9976
9	9977
2084	9978
4082	9979
916	9980
6883	9981
6212	9982
8460	9983
153	9984
6470	9985
4830	9986
11	9987
5591	9988
36	9989
3832	9990
2412	9991
4874	9992
7409	9993
7722	9994
2944	9995
2916	9996
2659	9997
7229	9998
5840	9999
3081	10000
