1385	12	3	5.92
104	698	7	29.69
2255	372	7	114.02
5218	5703	3	71.68
107	1567	6	42.54
9	126	6	5.16
1920	14	5	17.17
1626	2335	3	49.9
127	120	48	174.75
2175	14	3	7.43
276	117	3	5.96
581	136	3	15.58
212	161	3	10.78
923	108	7	44.03
102	251	7	5.51
2054	108	4	27.77
170	110	8	13.06
119	2116	4	30.74
387	220	4	30.25
102	452	15	58.69
101	1195	9	47.52
675	12	5	7.46
1479	119	3	18.53
230	126	3	6.67
120	462	5	22.96
1919	130	3	22.81
1528	111	3	16.81
288	132	6	26.54
166	297	6	36.93
337	109	3	6.11
567	12	9	20.44
118	362	5	18.77
875	16	3	13.71
1796	964	8	144.45
137	172	3	4.89
168	177	3	9.67
107	1744	6	44.22
609	110	10	60.08
109	12	108	33.03
880	330	3	31
142	306	3	10.89
102	1779	6	32.82
2	345	3	5.87
133	111	17	23.36
888	295	6	69.21
613	105	6	25.73
520	185	4	30.62
526	235	18	219.84
106	3569	4	33.22
105	1635	4	23.2
2721	1354	4	70.36
126	383	32	295.14
16	45	7	8.17
101	3284	3	15.21
139	195	3	6.56
246	102	11	15.62
1316	12	4	9.56
4970	131	3	34.24
113	484	3	9.4
102	657	3	4.45
2	1512	4	23.75
119	529	3	11.38
2337	101	4	19.71
101	730	3	4.87
125	101	67	88.18
625	109	3	10.45
218	102	13	18.24
129	106	24	39.27
165	143	4	7.8
236	12	14	11.39
129	231	3	7.11
134	385	5	25.18
113	1166	3	15.35
142	575	11	90.86
366	291	3	23.01
104	229	49	257.42
118	2631	3	22.74
105	1092	6	34.81
126	1239	4	28.88
4846	661	3	52.85
178	166	6	26.24
993	119	7	50.22
841	14	7	15.56
107	842	3	11.87
763	776	3	36.35
228	455	4	32.73
16	252	4	8.23
1254	12	3	5.46
152	141	31	162.84
103	321	10	25.97
235	123	78	708.38
12	1553	4	11
192	165	4	15.53
225	456	3	22.57
1502	108	3	16.33
965	101	5	15.81
706	262	3	26.79
1062	111	3	14.33
1413	130	4	30.42
659	14	8	15.85
102	2200	4	18.53
102	2132	3	11.73
252	637	3	25.76
279	166	4	20.71
859	119	3	14.61
2334	113	4	30.14
121	5046	3	31.6
107	3652	4	33.42
1698	12	3	7.01
486	135	4	21.28
217	104	10	18.06
573	282	4	37.77
101	375	11	28.59
101	525	5	9.54
354	136	3	11.73
118	377	3	8.64
749	183	4	33.97
150	4743	3	36.93
254	107	11	38.27
310	120	9	41.42
244	109	5	9.91
59	162	9	27.21
1018	14	6	14.06
4595	14	3	13.06
114	411	11	61.1
114	352	3	7.24
107	589	3	9.74
3449	12	3	12.04
220	9	3	7.05
179	692	4	32.28
110	1517	3	16.36
2936	16	4	32.93
149	296	3	11.68
149	161	5	12.97
746	102	3	5.05
1443	559	4	55.01
101	1602	4	15.97
101	1466	6	28.78
1300	14	5	12.66
136	1952	4	34.23
13	988	13	128.98
101	273	29	104.29
210	889	3	26.54
642	103	3	6.06
1329	14	4	8.23
768	12	11	37.41
117	1114	6	41.88
3552	12	3	12.04
258	154	5	24.09
120	104	42	39.57
167	278	4	21.35
101	1221	3	7.87
1635	101	3	9.99
2154	14	5	18.84
261	248	4	26.46
206	234	3	15.25
114	428	8	39.23
226	117	3	4.3
1244	488	3	36.99
777	142	3	18.03
159	104	10	6.73
131	249	7	29.55
12	4458	4	24.78
177	186	5	23.53
1360	150	5	45.31
2185	14	3	7.43
154	107	9	9.78
118	399	12	71.77
198	14	26	26.84
141	117	17	35.04
359	180	4	26.29
118	248	10	39.08
141	279	5	21.75
5502	2068	3	61.1
350	143	3	12.18
327	104	4	5.48
156	110	7	6.24
213	342	3	19.5
115	452	12	71.77
134	1061	3	19.07
120	121	17	19.73
39	197	23	162.6
107	6260	3	28.8
131	501	3	13.8
107	254	7	18.29
149	121	10	16.85
117	435	3	9.81
143	995	5	38.64
144	248	4	14.65
1772	103	3	12.77
1392	101	3	8.82
303	180	3	16.19
16	271	6	18.04
633	105	5	19.88
139	111	26	61.15
102	2410	3	12.7
16	196	8	20.24
989	12	3	4.03
112	102	140	221.62
112	242	4	6.96
114	617	5	24.07
158	228	7	37.55
454	16	10	57.37
102	612	5	11.33
111	1073	3	14.33
114	2070	5	39.49
147	12	55	49.47
101	827	3	5.57
379	109	6	22.02
336	180	10	83.17
213	852	4	37.56
104	306	4	4.75
1048	146	5	40.34
527	109	5	20.61
183	114	5	6.96
109	334	6	19.72
115	657	3	11.53
101	4352	3	17.39
142	276	3	9.94
1302	12	3	5.46
192	168	3	10.64
745	108	6	31.5
104	1321	4	17.82
138	136	6	7.97
190	152	4	12.96
297	144	3	10.94
108	101	124	143.08
2739	14	3	9.47
102	2259	4	20
393	579	3	29.88
219	547	4	33.99
300	644	5	51.63
102	882	5	15.58
658	2216	3	42.26
112	460	3	9.09
13	252	3	7.77
103	224	9	12.2
112	563	11	69.04
2096	119	5	41.69
1125	106	3	13.85
1907	102	5	24.61
108	213	4	5.05
706	104	3	7.51
104	1218	5	24.02
151	258	8	44.47
1236	12	6	18.79
105	813	3	10.55
101	2337	3	12.48
236	420	3	22.19
213	824	3	25.94
2491	120	3	21.96
359	884	3	31.72
2067	119	3	20.81
232	122	7	23.2
153	409	3	15.71
106	891	6	33.84
1527	14	3	5.46
421	132	3	12.69
249	391	3	22.22
136	144	8	16.11
435	104	11	45.04
289	156	4	19.49
134	392	4	18.66
236	125	3	6.63
165	135	4	6.86
393	16	3	8.64
160	102	40	82.96
411	410	3	27.89
122	257	3	6.18
1492	14	3	5.46
877	119	6	39.14
135	122	20	48.45
2155	101	3	11.51
1634	14	3	6.02
112	144	16	27.88
245	114	3	4.19
12	3637	3	12.04
202	205	3	13.96
581	142	11	90.86
5924	9	3	34.44
1684	12	4	11.87
144	233	3	8.74
101	1504	3	9.37
106	1286	3	14.78
101	1369	9	52.17
118	233	4	7.96
162	289	4	20.66
198	139	81	759.06
6415	12	3	18.58
150	105	36	101.52
120	262	3	5.86
4605	14	3	13.06
9	14	110	139.82
1595	940	10	190.13
271	132	3	8.71
177	126	4	7.46
1066	171	3	24.91
473	101	8	21.14
558	119	3	11.93
145	868	4	28.18
682	114	3	11.73
254	326	4	29.99
118	485	3	10.74
199	181	3	12.36
101	404	9	22
101	555	9	29.33
354	12	9	10.47
529	1607	3	39.17
137	104	14	4.51
3750	113	4	39.66
2343	163	3	29.58
261	233	3	17.42
103	689	4	10.5
111	104	38	16.16
101	1250	3	8.32
387	300	4	34.1
4071	1742	4	79.81
2530	1484	7	140.98
1164	140	3	20.95
2873	103	6	48.02
296	462	3	25.21
107	416	3	7.57
587	119	3	12.12
121	1900	3	20.2
101	926	7	27.48
182	132	16	77.22
643	119	4	19.38
517	180	10	96.7
12	140	164	442.78
798	111	9	59.21
103	1491	3	11.41
340	262	3	21.25
292	1018	3	30.42
104	514	4	9.65
150	920	3	20.78
155	163	13	64.04
201	104	11	18.83
241	121	3	5.31
138	181	3	5.68
125	1248	3	19.48
472	119	4	16.58
673	101	3	4.46
175	107	5	4.57
250	116	4	7.92
211	132	7	26.31
12	1584	4	11.87
13	140	8	12.98
102	641	4	7.68
107	2459	3	19.31
102	776	3	5.51
103	423	4	6.68
301	109	7	22.34
12	1226	6	18.79
710	111	5	24.58
108	503	4	14.41
13	4795	3	33.99
105	1059	4	18.8
116	254	3	4.65
3471	12	3	12.04
105	855	5	23.5
129	121	10	10.32
1380	103	5	23.97
125	226	4	10.46
101	595	3	3.93
330	109	4	9.97
820	103	4	12.19
282	870	3	29.05
12	567	6	9.02
353	152	4	21.09
117	3439	5	51.64
114	2120	5	39.49
114	2052	5	39.49
120	277	3	6.45
177	357	3	17.59
197	1000	3	26.37
209	204	3	14.43
105	2706	3	19.15
233	1607	5	59.46
285	152	3	12.02
172	3367	5	67.4
319	144	4	17.92
140	101	25	10.61
1115	119	3	16.45
345	164	3	15.78
146	1431	3	22.63
323	392	3	24.96
102	519	6	13.87
111	106	28	20.74
59	193	9	35.63
1209	231	3	29.35
197	660	3	23.4
137	106	12	9.62
137	156	5	9.3
177	114	5	6.32
969	122	3	15.97
101	509	4	5.88
143	2085	3	24.94
101	391	5	6.6
101	466	5	8.55
309	12	14	21.5
115	316	3	6.4
115	213	6	13.13
288	102	16	40.9
266	113	4	7.99
159	106	7	6.7
138	627	3	16.2
101	1280	6	26.1
12	1947	3	7.68
111	500	3	9.41
3520	14	3	10.94
1550	14	4	9.63
887	119	5	30.49
1105	12	3	4.68
102	5007	3	22.06
149	177	4	11
202	102	18	30.78
465	410	3	28.8
9	253	5	18.42
120	177	4	5.16
104	751	5	18.45
105	2805	4	28.94
209	230	3	15.46
104	105	233	641.44
129	187	3	5.2
193	324	3	17.83
698	208	3	24.73
325	120	3	7.82
114	2005	3	19.5
101	643	4	7.68
188	890	4	36.14
3483	2597	4	80.63
537	113	4	15.69
102	728	9	35.2
231	109	4	5.85
939	120	3	15.41
290	120	7	26.94
104	1184	8	48.26
2733	764	4	64.38
817	124	12	104.74
533	119	3	11.56
173	120	17	64.54
1434	489	3	37.54
413	118	3	9.58
158	365	3	15.44
197	1417	3	28.71
101	1789	7	41.52
3452	133	3	27.62
102	932	3	6.61
113	263	12	48.66
12	6424	3	18.58
102	1702	3	10.2
182	16	5	7.37
657	103	3	6.06
134	109	58	202.34
303	1191	3	31.95
298	279	5	39.63
4445	14	3	13.06
151	157	3	4.94
105	819	3	10.55
121	275	4	10.71
114	669	3	11.73
176	735	4	32.89
460	374	4	39.3
102	806	5	14.53
122	181	4	6.12
132	120	9	8.06
231	116	8	24
16	255	3	4.83
2182	14	3	7.43
599	119	3	12.33
253	117	5	13.11
502	201	4	31.95
325	105	7	20.75
126	1122	7	57.87
1882	14	4	11.46
105	949	3	11.5
957	14	7	17.9
85	2350	6	66.44
12	170	36	47.61
12	127	581	3381.62
687	102	3	4.64
176	1813	4	42.12
12	289	13	15.99
101	896	3	6.11
702	137	3	16.76
2321	2339	3	52.56
102	1621	4	16.26
101	1100	5	17.83
788	101	13	65.34
115	776	4	19.44
183	14	23	14.85
117	805	4	21.05
4611	150	3	32.44
45	14	34	15.46
3397	688	4	65.95
367	201	12	113.88
1062	14	5	10.44
114	1059	4	22.19
114	923	12	97.33
720	102	3	4.84
307	104	4	4.84
102	1061	4	12.03
211	108	5	8.01
901	4014	4	73.72
128	2745	3	25.52
345	138	3	11.83
999	102	5	16.78
102	553	9	29.96
101	1281	3	8.32
192	745	3	23.87
352	961	3	31.97
114	547	4	16.29
2849	14	5	23.79
123	1600	10	107.52
1092	144	3	20.97
124	39	6	9.63
171	167	8	39.34
1009	12	3	4.03
130	102	26	7.79
3099	112	3	23.03
271	102	7	6.76
1816	110	8	71.44
220	1291	10	131.63
1758	150	5	47.74
920	574	3	35.96
144	1611	4	34.48
139	2475	3	25.71
334	122	4	13.62
995	101	3	6.73
176	178	3	10.47
390	14	11	16.07
107	270	5	10.89
102	2903	3	13.89
105	1204	5	27.62
149	106	16	26.6
861	102	3	6.02
146	1245	4	32.12
287	12	8	4.08
433	110	9	43.83
102	316	8	12.84
102	213	8	4.97
2571	14	5	20.93
189	136	3	5.99
120	146	7	6.66
105	427	5	15.56
386	248	3	21.97
105	368	28	181.91
209	133	3	6.58
141	143	7	12.71
141	258	4	14.52
254	394	3	22.59
1127	12	7	23.37
181	559	4	31.22
102	1227	4	13.17
85	142	4	4.35
146	5155	3	36.08
130	259	4	13
105	217	7	12.65
358	120	5	19.31
855	114	4	20.23
140	167	3	4.85
3111	1629	5	100.5
4631	12	4	24.78
990	113	5	29.15
102	510	7	17.88
1691	12	3	7.01
658	916	19	351.03
1286	16	3	16.48
102	898	4	10.62
113	105	145	472.05
102	974	3	6.93
107	2213	4	27.38
103	239	8	10.34
142	245	74	761.69
102	1668	5	23.16
431	180	3	19.56
102	1840	3	10.91
142	105	12	7.66
101	931	3	6.41
136	377	6	32.95
268	275	3	19.44
304	120	10	46.78
727	101	3	4.87
168	121	5	7.24
204	85	3	7.86
453	220	3	22.27
104	591	11	53.55
3667	112	3	23.03
1185	719	3	38.79
155	222	5	22.4
1087	1266	3	42.63
218	108	4	5.39
721	3372	3	46.61
116	186	6	10.84
343	12	8	7.44
101	625	3	4.1
102	2045	5	26.33
1948	14	3	6.67
2	232	5	8.4
12	388	6	4.54
2408	119	3	21.82
187	210	3	13.28
625	101	4	7.42
1323	14	4	8.23
509	101	5	9.28
114	819	4	19.81
654	101	3	4.27
158	145	11	41.26
135	308	3	10.21
1320	352	8	111.9
158	261	5	25.42
114	648	3	11.5
112	275	5	12.66
139	138	6	8.48
1028	9	8	69.79
196	249	3	15.29
108	376	9	40.08
132	188	3	5.43
539	101	6	13.81
956	14	8	22.93
107	659	6	29.36
440	1182	4	50.11
122	200	5	11.32
152	181	5	17.42
112	249	4	7.28
12	1225	3	5.05
8	640	3	15.5
142	365	3	12.45
116	2953	3	21.97
1245	624	3	38.57
136	249	3	8.44
1206	2530	7	135.99
101	2394	3	12.48
104	261	19	66.88
3545	1445	3	52.06
129	120	9	7.72
104	145	48	116.9
165	132	6	13.91
115	926	5	28.99
557	59	6	38.68
116	389	6	24.63
101	2351	5	28.12
177	688	5	42.76
109	285	4	8.18
1139	14	9	32.84
109	116	26	23.22
102	1870	3	10.91
136	501	3	14.46
589	12	8	16.8
12	211	95	438.78
102	1032	5	17.45
102	948	4	11.06
113	121	44	99.65
613	118	7	40.6
192	129	13	59.18
103	170	22	42.77
307	188	3	17
513	122	5	25
367	180	7	54.81
138	116	13	17.3
929	302	3	30.28
138	285	4	15.42
399	107	3	7.33
103	794	3	7.18
157	173	3	7.87
111	230	7	17.86
377	441	9	104.22
107	2848	3	20.53
358	104	5	9.83
131	242	3	7.57
338	141	3	11.84
120	582	3	12.26
1040	406	3	34.07
130	135	6	6.24
337	125	3	9.96
981	12	4	7.43
12	720	13	47.03
1562	14	4	9.63
137	230	3	7.84
106	329	12	53.8
736	107	3	11.06
998	101	8	35.2
470	107	5	18.96
153	801	3	20.15
12	900	19	117.73
85	587	3	16.7
120	133	11	13.04
167	143	3	4.89
150	106	27	71.67
114	3900	3	25.53
13	3639	5	56.66
9	112	11	8.85
127	156	12	36.79
478	104	4	9.24
127	106	20	24.85
287	167	3	14.44
796	116	4	19.7
111	350	3	6.77
101	1367	4	14.26
189	101	11	7.69
105	1274	3	13.57
570	107	24	200.85
1414	14	6	18.94
287	184	3	15.87
251	113	10	35.44
305	102	7	8.58
102	1385	4	14.55
1807	108	3	17.73
292	12	22	48.69
110	224	7	16.38
237	432	3	22.33
243	144	8	39.81
101	5125	3	21.83
1383	14	3	4.96
665	109	3	10.89
718	14	5	6.31
130	173	7	20.63
85	124	5	4.5
101	510	8	22.04
137	323	4	16.95
456	104	5	13.15
171	12	23	15.08
111	247	5	10.81
244	168	3	13.02
2126	147	3	25.57
281	106	4	7.48
170	137	3	4.82
266	114	3	4.78
131	144	20	69.81
102	4835	3	22.06
140	142	16	52.64
140	257	6	26.4
117	219	5	11.24
648	2	3	10.12
342	103	6	11.18
6088	101	3	21.83
113	187	12	34.91
102	931	5	16.16
101	1840	5	24.24
211	117	3	3.85
101	1736	3	9.99
108	303	4	8.68
114	2327	3	20.51
3755	123	3	27.74
173	121	4	5
115	763	4	19.06
527	12	8	14.86
12	2965	3	10.54
101	2366	4	19.71
2130	850	4	62.17
161	116	9	15.92
2178	120	4	30.92
12	164	28	18.95
182	117	5	8.13
114	2004	7	64.05
863	14	6	12.04
283	117	3	6.14
193	149	4	12.41
379	12	17	43.55
1643	316	3	34.97
4980	12	3	18.58
1830	12	3	7.68
620	620	14	213.75
108	404	5	17.52
132	104	19	10.04
126	351	26	214.17
179	151	3	7.13
1326	14	6	17.74
1058	120	4	24.1
371	8	3	11.67
143	414	3	13.81
104	365	7	18.32
109	200	6	10.54
104	543	4	10.33
109	151	8	6.76
259	139	3	9.07
1412	12	3	5.92
119	5087	3	31.34
1675	160	3	26.79
176	1812	7	85.91
104	2658	3	16.97
197	130	8	29.61
12	288	67	345.73
12	221	48	141.77
142	145	12	35.34
16	6207	3	30.4
142	261	5	20.42
13	221	4	10.99
114	924	5	28.94
103	212	6	3.91
192	109	16	53.9
148	3019	4	40.99
102	850	5	15.04
102	926	4	11.06
138	200	3	6.77
108	181	5	5.63
201	9	13	63.18
16	508	4	16.05
1185	1689	3	44.92
633	118	6	33.21
16	139	10	10.09
114	601	4	17.09
135	205	4	10.87
4992	119	3	31.34
158	105	38	131.25
102	670	5	12.39
152	150	5	10.95
169	14	24	11.23
122	116	23	32.82
408	101	6	10.4
12	542	5	5.73
653	124	7	46.99
114	2087	6	51.08
101	641	5	11.34
683	12	4	4.49
126	1241	4	28.88
178	154	3	7.7
106	408	4	11.91
102	1436	4	14.55
102	1519	4	15.35
162	202	4	16.06
1294	123	8	68.72
348	161	3	15.54
12	1050	3	4.34
85	2708	6	72.18
9	13	23	73.92
415	434	8	92.85
836	120	18	171.96
610	14	6	7.91
12	2150	3	8.46
120	230	5	12.5
101	3907	3	17.39
3422	14	3	10.94
110	1583	3	17.02
13	2218	8	90.7
114	3045	4	35.04
111	582	4	16.26
216	195	3	14.06
244	12	20	29.52
111	133	26	54.15
170	141	6	17.71
206	125	3	5.6
2594	108	3	20.83
131	59	9	14.59
6036	14	3	17.45
126	1967	3	23.09
237	236	11	90.5
213	180	10	67.58
85	241	3	9.22
397	405	3	27.21
101	519	8	22.51
143	1955	3	24.07
2241	12	3	8.46
146	270	3	10.26
146	330	22	184.3
177	237	3	13.47
288	135	11	63.55
5819	174	3	40.59
199	101	18	29.23
118	546	4	17.57
102	1280	3	8.53
170	241	4	19.89
323	437	8	86.09
13	20	5	33.2
591	15	3	28.48
59	322	3	10.56
102	391	6	10.1
442	14	6	4.69
1361	14	4	8.89
102	509	7	17.88
2796	109	3	20.86
302	12	9	6.81
174	102	10	3.97
202	135	3	6.43
534	108	3	9.46
127	177	4	7.59
127	228	3	6.72
117	392	4	14.27
438	161	10	84.23
3617	130	3	27.51
3492	14	5	29.08
113	854	3	13.07
191	111	8	17.59
2	739	3	10.82
882	119	4	22.39
181	155	3	8.28
104	2628	3	16.97
973	101	3	6.73
102	1415	4	14.55
162	304	4	21.08
150	118	6	4.98
203	102	10	8.25
278	112	3	5.05
167	135	3	4.22
405	104	3	4.31
299	106	3	4.55
136	274	4	14.7
2	158	6	3.9
625	12	5	6.82
289	120	5	15.97
214	116	4	6.29
204	565	5	44.09
392	59	3	12.32
116	268	6	17.38
1010	14	4	6.18
115	931	3	14.02
379	136	5	25.78
120	653	3	12.89
5398	295	3	46.33
102	2621	4	21.88
903	107	4	19.1
132	187	9	34.01
756	103	3	6.93
688	124	4	22.25
102	763	6	18.59
1947	138	3	23.7
1564	12	4	11
107	4581	3	24.32
3046	16	3	23.7
654	12	4	4.25
12	1208	7	24.6
103	342	5	7.76
112	274	4	8.45
569	229	3	24.41
3582	111	4	34.46
277	187	3	15.89
356	2	3	6.06
168	120	9	21.69
259	14	19	23.66
116	590	3	11.09
677	119	7	43.07
427	5428	3	49.92
1669	119	3	19.2
134	333	3	10.79
12	2931	3	10.54
115	625	3	11.31
225	1183	4	41.53
101	932	3	6.41
12	269	12	10.87
104	2825	3	16.97
180	186	4	17.53
134	2051	3	23.88
104	1649	5	28.28
1403	12	3	5.92
103	743	3	6.7
102	572	4	7.18
549	103	3	5.17
731	208	3	24.99
181	549	4	30.95
531	183	6	51.61
2297	107	3	19.31
137	120	25	69.11
106	210	9	22.49
101	359	12	31.5
109	747	3	11.37
842	12	6	13.43
166	104	14	17.62
265	127	3	7.9
337	110	6	19.91
120	260	3	5.81
120	209	5	11.33
104	782	15	98.72
1865	123	5	41.4
150	121	11	20.98
110	254	5	10.51
130	458	4	20.08
299	104	4	4.35
144	1496	4	33.53
631	142	3	16.52
114	248	5	11.44
500	122	3	11.71
113	1071	4	21.83
101	1383	3	8.82
149	209	5	19.29
459	112	4	14.35
781	123	5	30.31
150	1560	3	24.08
127	121	9	7.18
553	12	7	12.46
426	16	7	33.21
371	104	5	10.32
102	827	4	9.83
107	2474	3	19.31
122	267	4	10.75
245	112	4	7.15
135	242	3	7.93
101	3233	3	15.21
126	384	30	270.58
16	39	39	164.26
179	124	4	7.12
117	1015	14	128.9
132	277	3	8.97
196	144	5	16.66
1812	107	7	57.72
374	109	3	6.95
719	116	3	12.19
1699	14	3	6.02
109	418	3	7.86
431	371	3	26.89
891	112	4	20.3
3298	1571	3	52.06
125	12	62	29.49
249	519	4	34.93
133	355	3	11.28
197	287	6	41.85
232	102	9	8.59
259	111	9	30.31
105	736	4	15.33
119	5061	3	31.34
109	101	58	13.19
109	241	6	13.61
151	1408	3	23.69
513	107	3	8.85
173	146	4	9.93
107	877	3	12.49
113	106	59	113.93
2232	12	8	49.56
175	123	8	20.81
113	307	9	36.15
113	231	10	32.72
118	1815	3	19.63
13	128	6	4.79
622	16	3	11.65
220	636	5	46.38
173	106	5	4.37
256	113	3	4.3
587	652	4	47.07
136	1307	5	40.94
760	318	3	29.39
114	857	7	44.34
1239	621	3	38.57
1637	15	10	161.16
467	14	14	34.12
2563	14	4	14.04
102	1839	3	10.91
183	112	6	9.65
109	141	10	7.68
677	9	4	23.75
134	168	5	11.13
915	102	3	6.3
1344	113	3	16.37
104	228	32	134.95
117	1686	7	60.12
118	2429	3	21.5
165	102	18	15.48
104	118	45	41.98
1054	12	3	4.34
942	133	3	18.21
237	1063	3	28.62
126	1240	6	49.42
392	16	4	13.56
119	2668	5	46.84
117	3483	5	51.64
408	109	4	12.48
147	167	19	100.75
4409	132	3	29.83
184	2608	3	33.06
12	1126	10	43.32
443	109	3	8.26
143	363	9	57.82
16	3118	3	23.7
3063	101	4	24.16
950	101	4	10.79
169	111	17	52.54
101	1977	3	11.51
132	177	5	12.23
428	104	3	4.64
290	106	3	4.43
16	253	4	8.23
107	638	4	15.84
179	267	3	14.72
614	102	4	7.42
101	1467	6	28.78
111	381	3	7.46
1447	112	3	16.95
672	113	4	17.64
114	233	15	62.79
57	14	68	47.1
735	101	8	28.53
1238	140	4	30.57
156	116	6	5.6
1212	14	7	22.1
441	119	6	28.93
599	621	3	33.33
105	377	4	9.34
116	688	3	11.95
1004	14	4	6.18
150	187	5	17.33
424	201	9	84
120	297	4	11.29
167	279	3	14.29
115	375	5	17.79
348	156	3	14.74
106	550	5	20.48
102	1504	5	21.92
105	2738	6	54.82
118	326	3	7.5
2872	12	3	10.54
141	108	8	3.94
106	296	5	11.97
531	220	3	23.46
155	2561	3	28.57
420	147	3	14.42
2219	14	4	12.63
166	210	3	11.17
594	119	3	12.33
102	3994	3	17.61
330	2232	8	127.5
2716	1009	4	67.09
115	273	9	33.55
107	439	6	23.76
338	116	10	47.12
159	120	5	5.71
102	487	5	9.34
101	1211	4	12.89
102	555	9	29.96
351	12	10	13.35
412	461	4	40.69
372	102	8	16.16
105	399	11	50.65
963	14	9	28.41
193	716	3	23.73
203	132	3	6.26
1235	14	5	11.85
305	108	4	8.77
101	251	7	5.17
209	104	12	24.17
430	12	14	35.15
141	278	3	10.08
461	12	6	6.73
2139	14	3	7.43
149	120	16	39.44
423	111	11	59.53
266	126	3	7.86
515	259	3	24.54
775	114	3	12.75
540	111	6	28.28
101	1266	3	8.32
101	1162	3	7.87
111	209	6	12.26
114	362	4	12.04
273	862	3	28.76
12	1941	9	55.76
281	161	3	13.42
566	12	5	5.98
1023	139	8	70.63
101	571	5	10.69
102	1195	3	8.07
104	2281	3	15.75
102	3945	3	17.61
105	248	7	14.92
1081	14	10	37.68
324	132	3	10.41
814	101	4	9.56
12	304	11	11.53
4138	3799	4	93.27
2474	14	4	14.04
101	1083	3	7.08
102	1808	3	10.91
2906	147	3	27.82
109	267	3	4.13
1039	12	3	4.34
133	3707	3	29.84
1214	12	4	8.95
107	1019	5	27.61
102	2214	3	11.73
1571	14	4	9.63
971	201	5	50.43
2	1287	3	14.67
211	122	4	8.16
361	109	3	6.65
924	119	3	15.28
388	14	22	62.55
103	523	3	4.86
103	448	3	3.95
158	229	6	30.42
102	730	8	29.1
106	1647	5	33.99
160	143	5	11.2
246	135	3	8.13
16	128	26	56.39
5831	112	3	29.73
264	12	12	10.3
116	112	18	9.93
253	102	12	19.58
107	1926	5	35.71
145	270	5	22.06
1823	2044	3	49.64
254	1044	4	41.87
2576	14	4	14.04
1	2	17	66.9
748	14	11	32.35
1616	120	10	105
116	152	54	253.87
178	136	3	5.24
1679	130	3	22.06
4942	139	3	35.25
947	240	3	27.9
968	102	3	6.61
2184	12	3	8.46
122	141	26	82.17
114	701	8	48.97
112	143	26	64.18
245	113	3	3.98
12	1224	5	13.56
1885	111	8	72.66
1152	295	14	218.37
148	122	48	226.78
138	167	10	36.88
1509	14	3	5.46
5381	107	3	28.8
45	13	5	7.82
211	135	5	16.07
101	1838	4	17.01
996	113	4	21.29
263	123	3	6.56
192	137	3	6.13
164	12	22	8.61
143	1592	3	23.31
142	118	34	114.23
418	104	3	4.53
176	1845	3	29.4
304	106	5	12.21
114	1863	4	27.73
2	426	4	12.11
1782	1324	7	127.92
1146	621	3	38.07
168	2	6	5.79
109	286	9	32.03
1542	14	4	9.63
119	832	3	14.31
1324	130	4	29.65
486	102	5	9.34
166	121	5	6.46
4499	251	3	40.24
105	233	21	85.04
358	106	4	10.27
504	12	5	5.04
373	330	9	95.33
821	888	6	86.22
123	14	142	154.74
21	57	8	20.01
103	791	4	11.81
102	525	10	33.58
102	375	13	39.13
287	116	4	9.47
1224	132	3	19.85
251	57	3	8.66
124	1147	3	18.84
390	13	3	11.74
121	5467	3	31.6
102	333	5	4.92
102	273	22	67.32
1324	1348	8	142.86
127	161	18	74.11
39	115	10	15.65
771	489	3	33.23
507	106	3	8.72
860	108	3	12.45
12	2183	8	49.56
105	561	3	8.28
2581	102	3	12.7
350	102	5	5.42
1301	14	7	23.45
320	116	3	6.66
545	125	4	20.7
501	270	3	24.83
110	376	8	33.74
359	437	3	26.69
121	4502	3	27.11
2213	14	5	18.84
1511	119	3	18.53
13	821	6	42.98
123	153	8	13.86
226	134	3	7.17
3166	14	3	10.94
101	1178	5	18.62
59	192	4	9.6
106	1468	4	23.91
101	1262	7	33.32
111	308	4	9.64
112	2253	6	53.75
117	337	4	12.43
429	118	3	9.71
105	1439	3	14.68
104	2042	4	22.62
220	561	9	93.71
57	129	5	4.31
553	113	4	16.2
3509	311	3	40.18
234	107	4	5.56
2504	111	3	20.08
872	109	3	12.48
4612	14	3	13.06
114	1457	3	17.23
233	327	8	69.37
151	4424	3	32.66
120	131	15	24.72
203	121	3	4.05
848	1883	8	142.26
106	955	4	19.38
147	21	4	6.48
101	673	4	7.96
106	1039	4	20.42
101	598	6	15.32
353	151	3	13.87
116	317	3	6.58
108	1267	3	15.21
1643	14	3	6.02
104	144	69	213.4
336	183	9	73.17
422	551	6	69.12
101	3163	3	15.21
102	4595	3	17.61
799	132	5	33.75
560	105	5	18.83
303	183	3	16.32
117	945	7	48.38
108	403	10	49.43
280	156	8	49.52
128	808	3	16.72
280	106	5	11.3
163	760	22	280.47
152	113	10	13.73
12	1331	4	10.24
443	138	4	20.84
135	177	4	8.59
101	1775	4	17.01
684	244	4	36.99
1413	14	7	24.98
1153	59	3	20
1106	101	7	30.64
5032	14	3	17.45
108	320	3	5.68
119	5047	3	31.34
259	167	4	20.2
315	111	6	19.49
101	927	9	41.03
2131	12	3	8.46
938	12	7	20.32
2	364	5	14.92
12	256	91	520.21
176	1676	3	28.64
115	645	3	11.53
121	6282	3	31.6
3936	112	3	25.25
103	1461	5	25.08
12	241	31	70.33
12	101	295	40.26
4347	14	4	23.27
13	241	4	11.9
432	116	5	20
2842	130	3	25.93
629	109	4	16.25
225	384	8	72.9
102	981	4	11.53
241	135	3	7.93
138	195	3	6.45
139	554	6	40.21
303	220	4	26.93
196	228	3	14.54
231	112	4	6.48
132	102	27	9.48
196	118	30	161.38
3001	12	3	10.54
179	321	4	24.51
101	3262	3	15.21
139	165	4	7.53
2851	14	4	15.85
6194	14	3	17.45
114	621	3	11.29
102	727	8	29.1
1229	111	3	15.19
12	343	7	5.19
2	194	7	12.26
101	823	3	5.57
1976	101	6	34.78
3413	14	3	10.94
147	111	20	42.82
126	4126	3	29.15
129	135	11	21.78
104	102	168	120.61
134	557	6	38.59
982	12	4	7.43
336	220	6	47.85
104	242	9	16.78
146	4217	4	48.12
253	156	11	71.46
392	104	3	4.11
110	731	7	39.28
119	2790	5	46.84
119	4879	3	31.34
162	129	5	9.4
305	104	6	10.8
578	901	3	35.61
680	355	4	42.14
106	362	8	31.61
161	867	3	22.13
1627	12	3	7.01
141	121	8	8.17
12	1001	12	54.21
243	145	9	47.41
1107	28	3	47.11
120	117	11	5.06
2702	103	3	15.8
424	183	3	19.69
115	507	4	15.6
102	3086	3	15.43
107	318	4	9.14
127	205	4	9.82
149	117	10	15.18
106	1197	3	14.29
1550	12	3	6.43
555	12	8	16.28
176	233	3	13.34
13	1001	3	18.24
272	254	4	27.4
102	422	4	4.65
585	156	3	18.75
131	145	22	81.99
2548	111	3	20.08
3157	2126	3	54.37
131	261	7	30.53
257	507	3	24.48
1242	977	4	58.68
1290	14	3	4.53
309	14	29	77.43
130	171	16	71.5
1919	14	4	11.46
4645	161	3	34.5
496	123	3	11.88
106	278	4	7.48
171	238	3	13
153	1023	8	76.91
107	198	12	33.92
57	153	4	5.46
107	130	18	22.27
240	105	6	10.32
189	126	5	12.61
651	103	3	6.06
285	116	13	60.7
127	132	49	226.24
202	120	7	19.11
316	815	4	42.53
128	337	6	28.84
772	102	3	5.27
123	376	3	9.75
101	337	10	21.07
106	485	3	8.56
269	131	5	19.02
409	570	25	402.48
209	227	8	56.88
118	339	5	17.75
631	112	4	17.02
907	14	10	32.9
3294	1851	3	53.5
105	441	6	21.41
224	983	3	27.8
120	107	23	21.4
167	120	4	4.21
693	201	8	82.46
4480	14	3	13.06
1009	14	6	14.06
107	1144	5	29.08
177	150	3	6.91
288	120	6	21.13
104	933	5	21.11
12	4645	3	14.18
117	1433	8	67.41
155	693	4	28.93
496	102	4	5.94
101	521	6	13.47
624	12	5	6.82
114	1259	3	16.11
475	12	8	13.6
59	158	4	5.87
157	85	7	19.68
111	131	16	20.1
1707	12	6	24.08
102	342	5	5.29
193	3509	3	35.31
372	106	3	6.44
1565	12	4	11
195	148	4	12.25
180	116	5	7.08
2433	14	4	14.04
307	103	5	6.28
122	357	3	9.16
113	311	12	55.73
175	8	4	8.04
45	12	62	100.28
173	102	15	13.45
2920	12	5	25.66
139	369	3	12.36
109	321	5	14.09
119	4949	3	31.34
1039	113	3	14.48
12	124	81	63.47
1246	101	5	19.49
142	144	11	30.1
106	814	7	40.38
200	553	3	22.85
396	126	3	11.65
467	109	3	8.68
101	945	3	6.41
353	116	3	7.44
153	340	6	36.24
2	322	3	5.29
512	126	3	13.4
119	427	3	10.01
336	300	3	22.44
115	1098	4	22.81
134	358	3	11.37
970	102	5	16.16
8	2529	7	80.34
116	125	12	9.76
516	16	4	16.05
134	1125	3	19.5
939	102	4	11.06
290	102	6	5.4
139	168	3	4.78
126	431	10	65.85
139	287	6	28.18
123	1094	3	17.33
102	597	5	11.33
1157	101	3	7.87
122	114	16	13.39
16	301	8	30.82
4568	101	3	17.39
6337	14	3	17.45
152	112	8	8.29
691	16	3	12.1
122	195	3	3.95
102	645	9	32.74
1017	112	4	21.28
135	106	11	6.83
301	113	3	5.5
102	2046	3	11.73
523	9	14	115.07
912	102	3	6.3
1323	12	5	14.39
742	14	6	9.93
474	198	3	21.51
4326	14	3	13.06
1173	103	3	9.86
193	281	4	24.15
105	725	5	21.51
1720	14	3	6.02
3456	14	3	10.94
115	727	3	12.24
117	1995	3	20.45
808	1060	4	54.83
109	236	4	6.01
155	219	6	28.86
106	829	9	57.52
3019	12	5	25.66
301	1125	3	31.41
232	106	5	8.56
114	1845	4	27.73
5817	12	3	18.58
113	102	264	737.7
122	584	3	12.8
113	242	3	3.85
126	2991	3	25.35
105	2074	3	16.92
148	230	3	9.17
607	122	3	13
281	132	3	9.03
833	101	3	5.57
455	103	3	4.18
59	248	3	8.04
493	122	3	11.71
111	117	18	12.02
102	507	4	6.12
387	180	3	18.63
3361	110	3	22.43
324	161	3	14.86
104	950	3	9.43
3506	12	3	12.04
1528	12	3	6.43
105	291	9	27.89
130	260	3	8.2
107	1299	9	70.46
1734	113	3	17.62
171	57	3	4.87
420	103	4	6.68
101	542	4	6.49
102	1158	4	13.17
137	117	8	6.19
3887	101	3	17.39
1226	3746	3	52.64
541	103	3	5.01
146	434	21	195.37
162	109	55	273.27
2767	4670	3	63.36
120	206	6	15.08
5119	125	3	33.44
105	543	3	8.1
115	1192	4	23.44
3627	12	3	12.04
105	1134	4	19.37
131	365	7	38.32
287	14	19	29.25
118	1493	3	18.22
2216	1	3	33.25
1929	14	3	6.67
1641	160	4	38.56
126	1149	9	82.8
214	126	4	10.12
2218	14	8	46.54
308	116	8	31.51
236	14	13	6.31
2475	622	3	43.05
102	1989	3	11.73
381	12	14	30.21
122	186	7	18.14
135	104	15	5.01
179	221	3	13.05
195	856	3	25.27
139	130	7	9.95
196	261	3	15.72
267	14	12	7.7
196	145	8	34.33
105	2069	3	16.92
1034	14	4	6.62
173	148	3	6.26
422	180	4	28.28
108	336	5	14.63
138	14	40	6.1
1178	14	4	7.64
1394	119	3	17.94
225	351	11	105.05
101	1047	6	23.03
101	943	3	6.41
1682	12	3	7.01
1572	12	3	6.43
232	161	5	24.3
453	180	3	20
168	117	9	20.37
440	178	9	79.43
109	239	6	13.22
2805	1113	4	68.24
864	180	6	58.16
146	219	5	18.99
137	122	10	13.46
931	103	3	8.34
102	1163	3	8.07
101	535	5	9.81
115	282	13	59.51
324	106	5	13.52
2278	12	3	9.39
101	2726	3	13.67
704	108	3	11.1
180	137	4	9.39
131	118	28	73.09
131	228	3	7.14
345	284	3	22.46
3515	14	3	10.94
1001	122	5	32.94
160	2264	3	29.44
102	403	4	4.38
113	604	4	16.74
101	1246	3	8.32
111	292	5	13.22
200	1855	3	31.07
111	122	32	57.28
433	14	16	39.35
287	111	3	5.05
1789	14	3	6.67
459	110	4	13.59
1846	1272	5	84.67
107	287	4	7.81
203	156	17	114.2
1271	12	9	40.08
115	476	3	9.68
105	431	9	38.83
243	118	4	8.53
110	213	5	8.12
350	121	3	8.55
118	178	4	4.74
541	107	4	14.51
1217	119	3	16.91
1161	103	4	15.63
825	14	4	4.72
571	1783	4	57.35
686	157	3	19.79
1898	111	5	37.01
1461	2694	5	93.8
376	117	3	8.6
121	2143	3	21.06
110	101	136	177.96
107	1402	3	15.45
1348	3495	3	51.46
115	523	5	22.07
12	2215	3	8.46
185	1243	3	27.35
937	113	4	20.79
128	330	4	15.72
141	1576	5	43.99
148	902	3	19.95
438	148	3	15.02
261	2819	3	36.73
319	119	9	41.83
6433	14	3	17.45
1018	12	3	4.03
128	374	3	11.23
111	341	3	6.59
152	1079	5	42.5
2721	3173	4	80.63
144	380	3	13.35
101	374	6	8.92
102	1252	3	8.53
101	449	8	19.9
197	638	3	23.17
104	2328	3	15.75
2887	14	3	9.47
451	140	3	14.33
850	101	8	31.94
177	142	8	29.35
2350	13	6	62.27
12	4642	4	24.78
826	101	3	5.57
112	1185	3	15.34
3707	201	4	56.78
12	182	133	634.19
12	285	11	10.26
542	155	4	26.83
2223	1060	4	64.19
101	1036	3	7.08
146	4660	4	48.12
298	104	4	4.35
183	154	3	8.12
126	1440	4	30.49
101	2304	3	12.48
151	121	10	18.08
148	209	4	13.41
659	12	4	4.25
105	1980	3	16.92
228	251	4	25.01
2081	226	8	116.81
101	1722	3	9.99
113	205	20	86.29
816	103	4	12.19
432	166	3	17.75
674	101	4	7.96
101	2115	5	25.96
1520	101	6	28.78
102	810	6	19.76
107	4489	3	24.32
117	914	10	77.14
107	843	3	11.87
3015	1594	5	95.09
114	3223	3	23.31
440	380	5	51
343	21	3	13.99
165	161	5	16.96
105	885	7	39.2
294	14	14	15.21
2	313	3	5.07
1491	101	5	21.55
106	924	6	34.61
512	114	5	21.73
147	126	5	4.96
104	1120	7	38.31
13	153	4	4.42
192	169	9	52.15
871	14	8	20.96
5940	14	3	17.45
124	2078	8	88.85
2204	14	3	7.43
113	275	4	8.54
4228	295	4	61.83
197	315	5	34.77
161	169	6	24.17
12	109	94	17.42
517	183	5	40.67
595	101	4	7.17
101	909	3	6.11
13	5914	3	33.99
101	2303	4	19.71
116	353	11	55.66
4909	16	3	30.4
102	3350	3	15.43
116	154	94	575.03
214	211	3	14.78
253	161	4	18.78
115	2250	3	20.54
118	832	3	14
2	134	33	73.68
136	105	19	21.76
125	268	3	7.74
147	14	76	85.25
147	164	4	8.41
103	585	3	5.5
112	105	95	230.24
112	297	4	9.23
135	262	3	8.64
260	107	4	6.74
108	342	4	10.41
16	272	7	23.11
705	118	3	12.92
2085	108	3	18.59
179	211	3	12.59
102	282	22	69.54
2917	12	4	17.32
1393	107	3	15.45
1751	130	4	32.22
107	317	5	13.46
111	2873	4	31.84
107	257	4	6.6
861	119	3	14.61
202	155	3	9.52
104	2020	3	14.76
1543	14	5	14.6
126	1768	3	22.23
156	111	32	117.26
1140	111	5	30.36
120	292	3	6.84
4795	13	3	33.99
120	122	23	40.42
119	858	4	21.94
1646	108	4	25.43
198	12	13	4.77
162	137	12	44.76
106	426	4	12.25
102	1449	3	9.58
128	1478	3	20.98
146	392	15	121.38
12	1068	3	4.34
162	385	3	16.5
101	402	11	31.32
114	1303	4	24.1
309	111	9	35.7
2361	1629	3	49.9
167	484	3	19.16
175	2498	3	31.07
126	750	4	23.75
5856	111	3	29.58
247	122	3	5.92
101	1344	3	8.82
361	658	19	280.13
102	476	8	21.68
114	431	6	25.79
281	102	6	4.99
372	121	3	9.06
247	135	5	18.45
1479	108	3	16.33
107	419	14	79.97
131	231	5	16.67
16	941	8	56.5
170	114	5	5.64
123	101	131	280.51
226	8	3	7.15
1158	114	3	15.62
114	529	5	22.03
111	160	10	17.62
619	109	3	10.45
328	124	3	9.55
101	1251	3	8.32
529	327	4	38.74
101	356	15	46.29
101	558	5	10.38
354	14	22	55.9
157	1558	3	25.44
8	523	14	114.91
106	59	11	6.46
886	12	4	6.61
380	110	4	11.53
166	123	6	10.5
150	102	87	255.43
167	147	7	23.22
223	112	5	9.61
120	190	9	26.58
150	242	3	10.01
104	650	15	89.3
9	12	41	9.36
299	123	3	7.57
119	2255	7	73.15
130	447	3	13.01
12	911	8	24.71
499	1742	3	38.82
628	14	7	11.58
12	1735	3	7.01
3436	14	3	10.94
191	167	10	58.88
2335	1432	3	48.63
104	2105	6	41.46
229	330	3	19.84
174	118	24	104.36
127	102	98	209.19
368	138	3	12.25
121	1646	3	19.45
102	3148	3	15.43
383	104	5	10.84
57	137	5	5.26
205	110	4	4.77
118	2023	3	20.49
103	538	9	34.25
135	172	3	4.62
1742	21	4	36.56
290	132	7	33.31
233	3340	3	37.21
160	105	29	88.65
106	2162	8	76.44
101	2391	3	12.48
1882	130	3	22.81
120	635	3	12.67
414	101	12	37.49
1527	12	3	6.43
495	118	5	23.05
3266	2970	3	56.63
161	438	5	34.47
2	216	6	10.99
1422	12	3	5.92
126	3717	3	29.15
293	235	77	1190.23
133	181	4	8.65
12	151	98	216.16
664	101	4	7.96
315	14	8	4.01
1048	107	3	13.57
385	122	3	9.8
148	120	6	4.95
2138	14	4	12.63
444	644	3	31.39
5882	14	3	17.45
138	126	6	6.1
622	146	22	236.56
1638	295	10	155.4
105	3281	3	20.71
1299	14	10	44.47
102	909	4	10.62
592	201	3	23.31
118	1632	6	48.64
114	2297	4	30.51
895	108	7	43.09
1523	123	6	49.37
370	137	4	18.57
134	138	11	24.17
136	441	11	80.7
304	117	3	6.61
866	14	4	5.05
125	14	70	28.45
176	2052	3	30.27
153	117	6	5.83
161	567	5	37.71
2	162	25	78.52
214	170	3	12.13
155	478	3	17.42
343	112	4	11.17
104	274	14	43.38
179	170	11	64.9
139	129	6	7.01
160	121	10	23.34
102	826	4	9.83
4594	14	3	13.06
102	759	4	9.13
102	655	5	12.02
107	2525	4	28.89
143	377	3	12.82
135	105	13	7.45
186	117	7	15.95
112	187	9	21.38
883	2247	3	45.55
12	1296	4	9.56
313	101	19	60.37
127	122	8	5.93
212	102	14	19.9
234	123	8	29.04
330	793	5	55.86
221	141	3	7.99
1631	2686	3	51.15
320	112	4	10.34
102	1598	3	10.2
101	282	15	34.73
1150	300	3	31.87
104	700	9	43.41
3400	8	4	40.89
1356	119	3	17.94
177	166	5	20.03
247	1528	3	31.73
213	183	3	13.08
842	14	5	7.83
130	246	6	23.37
9	17	3	13.84
4419	14	3	13.06
486	120	5	23.79
130	203	3	6.18
1168	1152	14	291.38
227	118	11	41.89
141	499	6	38.67
133	609	3	15.21
101	476	7	16.65
580	104	4	10.82
101	536	13	51.44
102	402	6	10.55
119	2118	7	67.13
111	123	17	14.68
244	202	3	15.52
140	114	8	5.35
208	101	17	28.48
429	245	23	286.58
266	142	4	14.85
102	2692	3	13.89
1403	14	5	13.57
416	14	12	21.84
131	229	3	7.18
102	356	18	64.02
106	1361	4	23.07
1093	119	3	16.45
1866	14	3	6.67
281	122	4	11.42
117	237	5	12
247	102	8	7.56
15	6194	3	47.96
85	305	3	11.31
213	220	6	38.74
125	1020	3	17.71
102	1251	3	8.53
8	407	4	19.15
101	523	4	6.08
102	1115	6	24.39
59	1512	4	31.6
136	935	3	18.79
118	529	4	17.07
2335	13	4	35.78
8	39	5	8.04
854	103	3	7.73
141	155	4	6.44
1683	14	4	10.48
12	866	4	6.24
9	137	7	9.86
278	141	3	10.08
107	335	29	193.8
276	133	9	46.16
57	12	129	265.44
127	135	35	141.1
900	101	3	6.11
59	345	4	17.21
1712	14	4	10.48
196	105	7	10.21
193	1406	4	40.81
4652	14	3	13.06
16	199	10	30.45
1769	183	5	56.65
112	121	26	35.62
104	5711	3	25.19
175	440	8	67.7
102	607	3	4.1
101	1910	3	10.69
3514	12	3	12.04
663	102	3	4.45
12	538	15	49.12
2109	139	6	61.55
255	149	4	16.02
283	104	6	9.76
1755	295	10	155.4
129	148	5	5.97
236	140	3	8.4
105	1090	8	52.52
253	120	13	60.44
115	704	3	11.99
298	297	12	120.23
121	210	18	86.18
168	132	4	7.26
197	138	15	78.82
12	284	8	4.08
467	12	8	13.22
102	1836	3	10.91
142	249	4	14.06
114	996	7	47.16
112	365	3	7.18
13	115	14	15.52
720	106	5	23.08
211	161	3	10.78
175	9	17	80.95
229	997	3	28.06
2174	14	3	7.43
312	14	12	12.44
1107	175	6	61.16
147	238	4	14.25
105	2297	3	17.93
119	561	3	11.93
557	119	3	11.93
165	120	8	16.04
264	14	27	52.45
129	132	26	90.1
151	497	4	24.56
502	183	5	40.36
1938	14	3	6.67
116	234	4	7.1
85	1638	10	120.4
115	1777	4	27.76
1208	132	3	19.85
139	109	10	7.25
179	140	4	9.55
290	117	4	10.51
114	735	14	107.75
249	1261	3	30.58
3437	12	3	12.04
1167	85	14	168.69
102	943	5	16.16
101	1776	3	10.69
102	1047	6	23.46
233	1644	4	45.17
3837	1606	3	54.97
1214	14	4	7.64
107	1018	5	27.61
173	117	5	7.19
367	183	6	45.27
1006	14	4	6.18
134	164	10	32.6
105	832	3	10.55
508	230	3	23.45
1239	669	3	39.04
114	1813	3	18.64
182	121	5	8.97
997	110	12	96.07
222	2625	3	35.31
113	3326	3	23.04
101	2759	3	13.67
217	123	4	8.81
1368	109	3	15.77
171	111	8	14.05
1877	101	4	17.01
913	101	3	6.11
566	14	5	4.61
230	141	4	13.15
159	102	19	16
1813	16	4	28.24
108	749	5	24.7
112	2278	5	41.21
3884	108	3	24.61
115	1598	3	17.92
180	165	3	9.38
465	104	3	5.26
57	168	4	8.06
39	128	8	17.9
240	118	9	31.8
497	251	3	24.12
111	460	3	8.95
1901	111	3	18.21
114	178	33	158.42
106	546	3	9.23
185	1117	3	26.38
1150	183	3	26.85
2694	1846	4	73.27
114	1498	3	17.23
466	57	3	14.25
430	14	8	9.15
12	999	11	46.63
156	237	3	10.9
963	12	4	7
441	108	3	8.23
145	778	3	18.65
167	231	15	111.51
155	1084	3	23.15
1235	12	4	8.95
150	143	11	33.61
167	106	6	5.8
1873	102	3	10.91
12	912	16	82.84
341	177	5	33.87
162	168	6	23.87
2263	125	4	35.06
686	16	3	12.1
104	755	3	7.99
13	3455	5	56.66
1482	14	3	5.46
732	14	5	6.65
104	1932	6	39.03
438	117	4	15.32
872	12	5	9.87
102	270	10	15.03
103	790	3	7.18
399	104	4	7.68
111	102	93	83.71
102	524	6	13.87
157	280	5	26.35
101	1252	3	8.32
102	449	12	40.82
3421	14	3	10.94
102	2817	3	13.89
345	109	4	10.57
101	4068	3	17.39
1673	150	10	123.3
729	107	3	11.06
338	152	3	13.68
3027	201	5	71
1297	103	3	10.33
391	107	3	7.1
109	794	3	11.9
134	720	6	41.46
110	386	14	77.31
3455	1782	5	102
13	1991	8	90.7
171	21	3	6.91
1023	12	3	4.03
159	5819	3	38.92
764	9	14	130.28
183	332	3	17.37
134	314	3	10.26
104	501	4	9.44
102	1806	5	24.61
953	132	3	18.2
119	248	4	9.09
2438	111	5	40.97
232	120	8	27.16
2290	14	3	8.34
103	1554	3	11.41
12	6408	3	18.58
143	248	6	25.9
102	1036	4	12.03
2766	119	3	23.05
113	117	32	49.31
252	3159	3	38.07
164	14	30	16.04
173	131	3	4.44
102	2380	3	12.7
367	220	3	20.42
117	780	3	13.67
16	115	61	158.46
16	225	3	3.86
1260	110	4	22.93
426	2	4	12.11
554	2830	6	104.58
112	145	15	25.17
568	183	3	21.92
101	810	4	9.56
3608	111	3	22.88
5382	13	3	33.99
136	145	22	86.8
1251	14	3	4.53
136	261	8	38.81
116	151	29	97.16
104	249	15	43.47
1289	110	5	31.36
362	12	7	5.87
114	339	3	6.88
544	310	3	27.02
163	251	7	40.96
149	132	17	58.63
126	1087	5	37.06
623	103	3	5.86
910	14	6	12.66
369	111	4	11.65
4444	14	3	13.06
150	157	4	8.27
278	116	6	18.43
243	105	15	52.86
299	117	3	6.47
9	109	9	3.99
1704	103	3	12.05
156	212	4	15.54
466	113	12	72.02
162	284	7	43.81
1814	12	5	18.98
376	102	11	29.34
511	12	8	14.43
171	139	10	38.62
102	1360	3	9.02
106	326	13	60.51
563	363	3	28.7
166	117	8	15.09
107	1325	3	14.92
117	268	4	9.48
247	132	3	7.9
131	105	59	172.23
3443	12	3	12.04
102	521	7	18.28
101	1177	4	12.89
244	138	5	18.93
411	104	3	4.53
104	1273	6	32.66
113	217	4	6.06
101	1774	3	10.69
322	101	9	16.21
164	111	11	21.91
101	1064	3	7.08
589	14	5	4.86
620	1026	14	240.51
7	115	3	8.44
168	102	14	9.46
109	223	5	8.78
12	3011	4	17.32
385	16	5	18.74
105	1057	5	26.03
121	482	13	89.34
1289	240	3	30.07
134	454	4	20.35
255	173	3	14.04
2697	14	3	9.47
101	672	3	4.46
101	597	5	11
436	14	8	9.45
2556	14	4	14.04
128	672	5	31.07
1094	103	3	9.44
101	1879	4	17.01
654	126	5	30.37
1398	14	4	8.89
3639	14	5	29.08
103	540	4	8.7
956	12	5	10.9
290	135	12	71.88
318	102	6	6.85
107	660	5	22.5
126	456	24	218.09
160	106	13	25.36
1376	110	4	23.69
132	207	4	10.49
115	1623	3	17.92
112	106	36	40.52
133	1206	7	60.8
1665	1596	5	86.64
192	358	3	18.62
114	680	3	11.73
205	213	5	29.25
122	112	12	5.19
571	543	9	120.6
102	726	6	18.05
106	1815	4	25.93
778	110	6	32.74
107	2556	3	19.31
196	229	3	14.59
6301	14	3	17.45
560	145	3	16.51
101	3211	3	15.21
121	1216	3	17.16
264	111	10	36.38
2182	124	3	22.75
485	107	3	8.69
121	379	3	9.27
12	344	51	270.11
153	143	4	5.93
2	193	40	205.86
101	645	10	38.1
142	517	3	15.33
4211	1354	4	78
974	125	8	65.81
133	184	3	5.14
197	202	3	13.35
978	102	5	16.78
120	872	3	14.75
117	1956	4	29
155	142	4	6.44
527	14	7	9.17
134	304	6	27.52
370	109	4	11.24
105	2101	3	16.92
3067	119	3	24.63
173	122	6	12.17
107	911	5	26.34
307	123	3	8.01
103	184	14	20.57
342	104	5	9.38
103	267	6	6.93
102	982	5	16.78
159	108	8	10.07
107	400	7	28.63
140	254	4	14.35
1267	3915	3	53.14
121	3253	4	37.14
101	1330	5	19.49
128	464	3	13.08
111	148	15	26.09
2528	730	3	44.04
114	366	7	28.78
114	544	5	22.66
103	844	5	17.55
295	198	77	1132.21
171	14	63	128.5
310	107	3	5.14
133	693	3	16.13
110	435	8	37.33
166	131	4	6.51
1118	108	3	14.27
288	161	4	20.47
1744	12	3	7.01
101	5186	3	21.83
110	181	11	26.91
661	2641	3	44.53
221	116	4	6.71
596	152	3	18.19
181	327	3	17.14
114	1390	3	16.64
12	1062	3	4.34
430	304	3	24.76
334	105	3	4.61
461	111	3	8.95
212	132	5	15.58
240	291	3	18.76
108	862	3	12.45
242	1831	3	32.87
285	110	3	4.68
137	132	9	16.04
102	1178	3	8.07
114	1260	4	24.1
531	180	4	30.68
141	497	3	14.98
1949	14	4	11.46
1008	107	3	13.19
594	123	7	43.39
276	1150	4	44.27
105	339	7	21.61
104	934	5	21.11
12	4644	4	24.78
740	137	3	17.02
140	186	4	10.35
1504	119	5	37.15
244	14	51	157.46
412	203	4	30.26
2205	130	3	23.67
525	240	4	34.24
3771	125	3	28.95
1690	12	4	11.87
638	12	9	22.35
5934	2497	3	62.12
271	161	3	13.08
9	129	17	45.84
110	303	3	5.06
145	643	4	25.58
130	348	3	10.98
142	2188	7	76.76
3825	12	3	14.18
610	12	6	9.72
491	1079	3	35.59
213	360	3	19.82
106	352	8	31.03
642	2	3	10.12
111	1214	5	31.19
141	297	9	51.3
221	109	9	25.08
1679	14	4	10.48
115	893	3	13.68
126	1244	6	49.42
116	124	9	3.95
325	103	6	10.18
3507	14	4	18.38
12	539	23	102.96
136	118	65	292.71
12	472	13	34.03
1128	12	10	43.32
829	2357	7	128.66
176	617	3	21.83
197	1209	3	27.66
112	118	127	529.82
102	598	4	7.42
122	113	22	27.02
169	12	20	9.38
132	122	12	17.54
114	2398	3	20.51
705	105	3	9.52
219	119	18	87.33
856	114	3	13.34
126	363	7	36.97
102	2528	4	20
101	5314	3	21.83
104	1135	4	16.53
108	283	3	4.6
256	124	3	7.27
16	569	4	17.31
458	14	6	5.12
107	1094	3	13.99
114	1057	3	14.75
103	213	7	6.04
114	853	3	13.34
1640	104	3	13.19
119	1442	3	18.53
102	1063	3	7.28
211	106	6	10.71
113	143	30	82.1
128	894	3	17.36
102	927	5	16.16
133	213	3	6.62
953	102	3	6.61
101	1030	3	7.08
105	2627	3	19.15
155	136	5	9.16
183	101	26	50.43
101	2234	3	11.51
168	59	4	7.43
204	103	10	13.13
1412	14	6	18.94
2537	14	4	14.04
101	981	4	11.25
106	711	24	221.2
809	117	3	13.96
119	59	7	4.05
12	334	17	36.65
161	320	5	29.79
12	266	10	6.27
866	111	7	43.34
161	152	5	13.98
1272	21	5	45.22
259	12	13	12.07
779	108	3	11.87
2981	112	4	32.03
239	2578	4	49.28
109	305	3	5.13
109	237	5	9.36
148	156	3	4.28
102	2364	3	12.7
220	685	5	47.2
138	237	4	12.95
108	270	4	7.5
6311	108	3	29.1
101	1821	6	32.37
996	101	4	11.25
760	14	5	7.02
831	116	4	20.1
13	334	3	10.37
135	350	3	11.37
2486	14	3	8.34
3406	14	3	10.94
1706	14	3	6.02
13	520	4	20.9
245	101	8	6.93
158	144	11	40.71
139	335	8	46.7
1163	113	3	15.35
464	16	8	42.37
1316	112	4	23.72
114	4535	3	25.53
267	112	5	12.04
126	1215	7	59.19
626	108	4	16.21
116	267	3	5.01
1568	108	4	24.49
129	102	41	33.35
115	982	4	21.69
8	764	14	130.12
106	905	5	26.1
1079	852	3	39.33
114	2101	3	19.5
153	122	11	24.47
104	695	9	43.41
258	140	4	14.51
120	148	10	15.84
1146	411	3	35.24
105	366	18	95.79
105	544	7	30.86
528	167	3	19.68
395	125	6	31.33
144	1492	3	23.08
1079	492	3	35.59
754	125	23	257.12
12	1718	4	11.87
1972	175	3	30.05
174	105	13	26.73
127	117	8	4.21
149	148	5	9.32
296	275	3	20.44
229	464	3	22.94
159	132	6	13.21
230	116	3	3.9
111	227	5	9.55
106	1474	4	23.91
101	1192	7	31.91
12	692	17	72.62
193	2210	3	31.46
2521	12	3	9.39
106	149	9	7.19
4139	4071	4	93.27
101	422	6	10.64
106	325	3	5.39
121	2536	4	32.61
85	140	5	7.11
166	107	6	5.32
346	102	6	8.2
105	1669	4	23.2
101	3386	4	24.16
207	16	11	36.56
126	2646	3	25.35
169	120	5	7.37
106	1810	3	17.3
852	405	3	32.6
1636	888	10	188.57
116	296	7	24.59
151	353	3	13.87
1567	12	3	6.43
105	643	3	9.07
12	6423	3	18.58
2	450	3	7.87
133	187	4	9.09
142	336	3	11.75
471	111	5	20.2
2463	111	4	29.93
738	136	3	16.96
164	148	5	12.95
103	187	12	15.46
745	101	3	4.87
101	1666	3	9.99
196	435	4	29.93
1738	12	3	7.01
102	2147	3	11.73
157	137	5	9.5
126	4508	3	29.15
406	104	3	4.31
102	545	11	40.79
319	101	11	23.21
151	610	4	26.38
130	167	8	23.87
344	120	4	13.3
3491	14	3	10.94
114	3934	3	25.53
137	21	4	5.29
171	102	11	4.96
225	1973	3	33.1
797	108	4	18.22
110	229	4	5.85
101	3129	3	15.21
365	4935	3	48.4
167	241	3	12.81
120	114	13	6.09
57	119	7	4.85
117	546	3	11.4
1126	101	3	7.46
101	1485	5	21.55
102	293	78	574.85
2180	12	4	14.06
1322	2136	8	158.14
959	12	4	7
287	135	3	9.46
504	410	3	29.32
1950	12	3	7.68
313	118	12	61.44
101	3731	3	17.39
2326	156	3	28.62
181	180	15	104.62
1217	101	6	24.97
3375	119	3	24.63
1040	106	3	13.43
167	141	3	4.86
156	143	5	10.01
101	3112	5	36.39
474	712	23	392.84
110	276	5	11.77
121	1045	3	16.29
3975	240	3	39.6
1771	477	3	39.4
137	111	9	5.68
102	1151	5	18.98
170	122	8	19.66
1209	111	4	22.84
102	518	5	9.86
101	1106	3	7.46
59	196	3	5.93
101	1258	3	8.32
1631	1481	3	46.57
429	181	3	19.56
140	102	41	45.98
2661	16	6	60.82
4864	5134	3	71.68
105	1436	3	14.09
422	602	3	30.5
225	371	3	20.69
175	154	3	7.45
711	754	23	441.93
103	121	31	11.11
102	2374	3	12.7
838	136	5	35.26
639	122	3	13.22
201	14	17	8.73
102	2314	3	12.7
148	116	36	127.85
101	3550	3	15.21
114	2316	5	41.69
1394	101	6	27.35
105	595	3	8.66
116	395	5	19.11
1483	146	4	33.73
508	142	4	22.57
1872	109	5	36.25
115	668	3	11.76
109	117	70	192.81
220	1880	5	60.26
106	780	4	17.65
101	1059	4	11.75
133	121	15	25.61
118	925	4	22.45
101	804	12	59.15
101	602	4	7.17
222	362	4	29.6
2	115	43	62.4
133	424	7	42.19
289	14	11	7.85
698	101	4	8.24
129	126	8	9.6
207	132	10	43.76
318	14	10	8.1
2802	136	3	26.62
108	502	3	9.12
108	578	3	10.02
132	212	3	6.57
169	263	5	28.36
102	634	5	11.67
2812	112	3	21.46
315	117	3	7.13
116	516	4	15.86
109	308	7	23.26
128	1696	4	31.68
347	12	10	13.06
161	149	3	5.14
142	1434	5	42.85
101	1696	3	9.99
300	699	3	28.08
143	337	3	11.88
103	161	13	10.07
192	149	6	23.03
263	110	5	10.97
201	126	4	9.38
190	120	83	654.72
179	117	5	7.6
16	162	6	7.11
267	157	5	25.43
122	131	15	27.05
122	191	15	62.25
13	591	3	14.67
117	4360	3	26.49
530	12	5	5.49
1577	12	6	22.47
245	104	7	10.43
103	498	5	12.15
135	110	9	4.31
101	618	5	11.34
172	121	6	11.12
117	3567	5	51.64
502	155	3	17.76
101	2403	3	12.48
110	757	3	11.63
441	639	6	71.82
102	3207	3	15.43
414	119	6	28.05
129	14	57	18.01
155	425	3	16.5
104	268	5	5.86
141	142	9	20.12
12	951	7	20.32
118	219	5	11.3
141	257	5	20.22
988	604	3	36.55
223	123	4	8.98
115	545	3	10.52
156	135	5	8.83
459	104	3	5.13
2410	108	3	19.6
2111	113	3	19.23
107	118	15	4.97
4453	178	3	36.41
212	111	9	24.98
500	116	4	15.63
102	311	6	6.45
5049	2367	3	62.12
262	152	3	11.17
123	229	13	59.61
111	283	4	8.61
272	173	3	14.62
107	2667	3	20.53
101	1187	9	47.52
111	114	23	17.9
230	177	3	13.32
800	110	3	11.9
2162	12	3	8.46
184	548	3	21.52
166	112	7	9.35
682	104	4	11.93
420	14	19	53.17
1092	101	3	7.46
331	8	7	36.74
137	114	8	4.62
680	327	4	41.04
101	427	21	94.48
101	368	8	15.37
243	386	3	21.8
85	103	34	50.55
624	104	3	6.88
102	1181	3	8.07
114	1179	4	23.41
2228	12	3	8.46
475	104	3	5.4
12	799	17	82.21
906	137	3	18.5
1707	161	3	26.79
111	195	8	18.22
767	129	3	16.48
244	294	3	19.09
2199	12	4	14.06
110	1321	3	15.24
140	59	7	10.76
999	101	3	6.73
131	386	4	18.08
107	277	5	11.4
861	101	5	14.69
368	107	3	6.47
3799	4071	4	93.27
135	656	3	15.95
142	975	4	28.8
106	557	10	56.93
110	306	6	17.99
120	111	28	39.68
120	236	3	4.99
104	623	8	34.3
114	1877	4	27.73
1466	119	5	37.15
12	469	15	44.08
136	226	6	23
114	2081	8	80.08
114	3164	3	23.31
115	950	3	14.02
264	16	4	8.67
3890	12	3	14.18
1658	12	3	7.01
108	532	3	9.46
132	170	4	7.6
126	478	25	234.7
179	191	5	24.06
122	279	7	27.52
102	668	8	27.66
169	105	6	4.58
2170	109	3	18.62
122	117	17	19.5
2574	101	3	12.48
163	785	3	21.66
454	101	6	11.94
176	1048	3	25.43
1292	14	8	29.78
164	132	7	17.96
720	101	6	17.12
102	856	8	32.53
1917	14	5	17.17
128	949	3	17.7
701	160	8	72.84
1214	16	3	15.99
108	278	4	7.97
256	121	3	5.81
121	251	4	9.54
118	1099	3	16.14
12	290	58	270.1
738	142	3	17.48
107	516	6	26.02
338	117	3	7.72
102	2716	6	44.12
107	592	4	15.55
1991	5381	3	61.1
140	132	11	24.83
111	186	8	16.9
592	738	3	34.31
170	149	4	10.35
121	2547	3	22.08
126	5341	3	33.64
121	2503	5	44.32
400	12	8	10.56
254	154	3	11.33
722	111	12	83.99
140	1544	3	22.59
117	1579	5	36.55
237	497	3	23.43
110	105	61	89.81
258	107	4	6.67
1241	504	3	37.17
111	1360	3	16.22
102	1375	5	20.82
102	1510	5	21.92
141	154	5	9.46
1552	12	6	22.47
12	869	6	14.03
148	2186	3	25.89
102	233	17	33.98
362	133	4	17.45
760	906	6	84.95
189	117	5	8.81
1033	105	4	18.8
140	527	4	22.8
149	14	37	11.38
674	105	4	14.67
550	14	5	4.38
102	604	5	11.33
481	117	3	10.54
1723	116	3	18.12
346	16	3	7.48
13	2720	6	68.01
108	367	3	6.73
117	1680	3	18.84
165	12	24	12.15
1145	12	3	4.68
379	16	4	13.09
1010	147	4	29.69
6207	5781	3	71.68
579	14	7	10.7
147	173	3	5.98
101	700	4	8.24
182	101	23	39.13
101	1092	4	12.3
109	258	4	7.02
355	1689	4	51
101	4224	4	29.11
105	703	4	14.99
121	316	18	112.41
101	4344	3	17.39
148	141	5	7.63
604	16	3	11.44
284	135	3	9.46
684	130	3	15.78
102	993	3	6.93
1131	101	3	7.46
148	241	4	14.95
121	1435	3	18.19
105	2065	4	25.53
178	1334	3	27.43
107	935	12	92.47
201	114	8	20.21
2374	101	5	28.12
284	122	3	7.13
1106	119	3	16.45
356	14	8	5.99
322	228	3	19.6
143	270	3	9.72
103	106	51	18.75
144	1045	5	40.08
101	991	5	16.43
12	328	31	106.51
146	680	3	17.6
12	133	204	567.14
133	106	22	33.93
4438	12	3	14.18
2052	119	6	53.72
3678	14	3	10.94
104	373	6	14.38
194	945	4	37.18
214	122	4	8.26
129	111	48	152.03
270	558	3	25.76
104	331	24	119.18
125	242	3	6.87
1218	374	4	48.33
147	135	11	28.09
103	1254	3	10.33
2	12	221	244.1
102	829	3	5.76
152	102	24	19.5
122	265	5	15.3
112	184	8	16.75
407	16	36	321.01
144	612	3	16.77
393	109	3	7.5
2846	14	3	9.47
16	2	99	303.32
179	122	6	12.71
121	1180	3	17.16
374	157	3	15.53
108	594	6	29
323	327	3	23.19
1132	14	5	11.11
102	248	8	7.56
1845	119	3	19.94
534	12	5	5.49
85	1168	14	168.69
57	85	11	29.21
189	191	5	25.52
278	104	5	6.56
808	112	3	12.76
116	631	3	11.5
105	435	3	6.6
9	172	5	11.73
114	1521	3	17.23
146	544	10	80.8
146	366	4	19.7
490	173	3	20.01
124	210	3	5.7
2192	116	4	29.29
12	630	13	43.25
1511	101	5	21.55
183	652	3	22.58
155	615	4	27.96
104	883	7	34.15
177	104	9	8.67
166	163	3	7.55
102	2807	3	13.89
12	1905	3	7.68
114	504	10	58.58
317	14	20	39.95
206	132	4	10.49
1234	14	3	4.14
101	1242	4	13.54
387	217	4	30.19
111	126	13	10.63
962	14	5	9.27
167	151	3	6.26
117	1213	10	86.62
223	108	4	5.54
120	186	8	21.33
369	102	8	15.88
12	4349	3	14.18
101	5069	3	21.83
1852	102	4	17.3
146	414	14	113.86
239	352	4	29.93
642	183	3	22.58
102	1604	4	16.26
700	119	4	20.03
216	105	14	42.6
4084	14	3	13.06
1354	6	5	71.79
519	103	4	8.49
191	120	13	47.9
234	14	24	32.39
403	102	5	7.24
383	12	7	6.84
515	12	8	14.43
126	763	6	41.04
230	104	8	12.35
123	105	68	174.19
126	4462	4	44.86
1209	14	3	4.14
102	377	8	16.43
118	556	8	47.62
4609	14	3	13.06
137	14	66	42.25
611	102	3	4.1
702	108	3	11.1
101	994	8	35.2
143	1478	3	22.65
1086	12	3	4.68
3931	113	3	25.26
12	247	18	24.22
151	257	10	60.02
4805	3272	3	64.95
155	230	3	10.71
491	117	3	10.7
109	122	14	6.88
148	167	5	13.95
105	2018	3	16.92
45	8	5	8.38
108	144	25	58.49
138	122	10	13.84
196	386	4	28.48
102	1091	3	7.66
102	955	8	34.61
1055	12	6	16.92
103	118	30	7.19
263	125	3	7.62
122	258	3	6.24
102	784	4	9.47
122	143	9	11.83
152	123	6	7.32
135	287	3	9.46
103	534	4	8.7
114	778	6	34.48
3340	119	3	24.63
468	120	10	61.49
139	246	3	8.68
107	1949	6	46.21
145	178	14	69.93
1418	14	5	13.57
12	2870	3	10.54
3518	130	3	27.51
165	136	4	7.17
5731	103	3	24.01
723	116	5	25.66
147	143	4	4.45
172	106	15	39.4
2173	12	3	8.46
330	159	5	30.15
968	12	6	15.36
227	864	3	26.84
1298	12	3	5.46
119	4884	3	31.34
2073	103	3	13.61
118	828	3	14
136	101	44	45.9
579	169	4	30.17
294	122	4	11.88
989	103	3	8.68
112	101	99	96.28
186	152	6	23.68
135	136	5	4.72
766	14	9	23.14
187	1448	3	28.74
122	160	4	3.89
101	2104	5	25.96
113	373	3	7.39
867	12	5	9.87
85	1755	9	101.84
132	112	9	4.79
228	380	4	30.5
3886	3942	3	62.68
139	106	26	54.14
16	193	5	8.34
138	135	7	10.49
101	5550	3	21.83
6164	14	3	17.45
905	356	3	31.72
1558	14	3	5.46
211	167	3	11.64
157	626	5	37.68
197	259	8	57.85
161	122	4	3.89
102	1814	4	17.3
471	14	7	7.89
2998	12	3	10.54
107	1741	3	16.7
8	532	13	105.22
1043	108	3	13.86
101	577	17	83.4
647	2373	3	43.29
141	360	3	12.34
121	641	5	26.64
2183	132	3	23.77
115	248	3	4.3
600	142	3	16.3
1546	111	9	78.39
159	14	35	23.27
143	4511	3	31
228	698	4	36.52
194	1433	3	28.67
586	4205	4	69.71
106	1387	3	15.31
101	1272	5	19.49
101	1340	3	8.82
102	532	8	23.56
114	435	3	8.93
2018	110	3	18.62
448	12	5	3.89
1263	110	7	50.13
2158	14	4	12.63
107	145	40	127.39
1906	14	3	6.67
917	14	11	39.03
13	2340	6	62.27
120	221	3	4.61
535	101	4	6.28
1402	12	4	10.24
419	12	6	5.63
1170	16	5	32.54
395	204	3	20.58
1421	102	3	9.02
12	1072	4	7.89
108	3549	3	22.4
141	234	3	8.31
209	126	6	19.51
667	146	4	25.9
9	188	3	5.52
369	135	4	17.99
258	108	3	3.86
104	733	11	59.7
131	376	3	11.62
1711	112	3	17.61
4156	658	3	48.35
101	1604	3	9.99
334	116	5	16.4
102	6314	3	22.06
6	1461	6	90.79
1936	14	3	6.67
731	101	3	4.87
272	132	5	19.37
244	157	4	17.44
170	148	8	30.48
226	109	4	5.63
114	488	8	42.32
117	4964	3	30.98
121	2096	6	54.24
107	515	10	54.59
487	12	7	10.58
2461	102	3	12.7
6447	12	3	18.58
344	106	3	5.88
126	2079	8	89.78
573	118	3	11.82
1687	12	3	7.01
814	123	3	15.17
4729	110	3	29.13
109	717	3	11.13
101	377	6	8.92
119	732	18	161.39
1450	101	3	9.37
713	14	7	13.09
109	208	5	7.99
107	1715	4	25.04
4293	14	3	13.06
116	481	3	9.86
1050	12	5	12.11
12	6234	3	18.58
12	280	17	27.26
1112	2359	4	66.32
101	955	3	6.41
101	1091	4	12.3
103	247	19	57.11
1788	104	3	13.92
724	175	14	157.79
102	994	3	6.93
1250	101	5	19.49
134	1563	3	21.59
148	142	9	22.76
173	111	7	11.27
102	2130	3	11.73
126	219	26	166.81
2641	14	3	9.47
132	114	10	7.16
196	101	16	21.41
847	933	4	54.19
132	224	5	16.4
107	773	23	221.14
1752	381	4	51.78
135	141	6	8.05
1894	12	4	12.87
961	12	8	25.75
128	701	3	15.63
102	813	8	31.59
122	174	4	5.45
169	156	3	7.43
152	143	6	12.57
122	123	9	5.17
153	270	6	31.62
532	9	13	105.36
101	784	13	65.34
108	1307	4	22.89
104	224	13	30.12
129	320	4	15.78
165	101	17	12.46
830	14	6	11.46
982	119	3	15.64
105	1094	4	19.37
253	167	5	27.18
463	14	7	7.6
325	111	6	20.01
101	787	13	65.34
457	116	4	14.99
1688	130	4	32.22
193	2917	3	33.72
2	301	3	4.53
3663	14	3	10.94
114	1990	6	51.08
765	14	5	7.02
126	1146	4	28.18
116	133	8	3.98
218	12	12	5.95
105	985	3	11.85
264	135	3	8.7
308	177	3	16.16
104	270	5	6.03
468	104	3	5.26
776	108	4	18.22
688	16	4	18.49
12	4168	3	14.18
374	108	3	6.93
175	17	3	19.87
102	755	4	9.13
122	340	3	8.68
235	520	4	34.17
118	2065	3	20.49
2456	14	4	14.04
102	905	7	27.08
106	2047	4	27.19
101	1634	5	22.79
13	8	10	17.09
6200	14	3	17.45
12	1546	5	16.37
107	1056	9	64.63
178	1333	3	27.43
4590	12	3	14.18
138	102	53	76.67
1021	12	5	11.48
109	102	67	26.71
115	788	9	60.58
162	1058	4	34.14
142	236	4	13.35
102	1781	4	17.3
161	311	12	92.42
1066	14	6	14.85
85	148	5	8.45
121	670	5	27.43
16	1767	3	19.02
181	492	9	83.58
137	170	5	12.39
101	532	5	9.81
106	314	12	52.26
244	149	5	21.43
102	501	5	9.34
111	170	5	5.12
102	577	6	15.33
2949	14	3	9.47
811	103	4	12.19
140	117	12	17.71
5974	111	3	29.58
13	4347	4	45.32
85	1167	13	149.41
313	105	6	15.52
735	144	3	17.95
107	171	27	102.3
1346	1156	9	163.53
39	232	3	10.47
189	275	4	23.65
123	365	6	27.03
216	121	3	4.55
191	161	9	48.34
141	200	6	21.81
12	953	11	44.74
141	151	4	5.43
2	596	4	15.22
223	279	3	17.92
177	497	3	20.29
223	117	3	4.26
424	155	8	60.59
105	359	14	65.86
110	261	19	90.8
119	2305	4	32.26
110	145	91	456.39
176	465	3	19.93
111	298	5	13.34
101	1256	6	26.1
114	2815	3	21.74
358	111	4	11.38
107	347	6	19.89
324	116	3	6.74
1297	14	6	17.74
916	474	11	163.36
1883	1	8	110.96
5914	14	3	17.45
133	615	5	31.11
359	380	5	47.97
227	154	3	10.27
154	251	3	11.21
154	151	6	16.23
162	468	3	18.17
470	12	18	60.8
505	137	3	14.69
2462	12	3	9.39
101	233	17	32.89
117	1138	5	32.66
101	3106	4	24.16
2997	14	3	9.47
1019	14	4	6.18
101	3046	3	15.21
118	3875	3	26.53
108	1024	3	13.86
127	239	4	11.35
107	105	49	51.47
2890	12	5	25.66
179	102	18	22.42
318	112	3	6.14
207	135	9	38.41
139	147	14	44.6
357	251	3	21.4
113	357	3	7.09
102	700	4	8.5
102	783	3	5.51
2	1386	3	15.2
13	7	3	12.11
135	124	11	19.16
660	14	7	12.06
222	546	3	23.75
118	812	5	28.84
1538	14	3	5.46
103	1304	4	16.29
214	102	13	17.24
193	165	4	15.68
315	102	11	23.63
142	180	3	5.95
163	1784	3	27.69
101	993	3	6.73
12	203	20	20.39
232	167	3	12.44
128	993	4	26.64
101	1833	3	10.69
225	475	6	54.75
996	119	3	15.64
2545	14	5	20.93
16	364	4	12.51
2823	2788	5	103.55
1348	12	7	27.52
113	195	8	18.59
2429	5716	3	62.12
249	1513	3	31.73
389	131	3	11.97
1438	14	5	13.57
102	2329	4	20
183	119	4	5.53
527	157	3	18.12
155	146	32	185.13
101	2358	3	12.48
133	276	3	8.91
12	106	193	178.76
881	12	4	6.61
5540	4204	3	67.18
153	21	3	4.65
2352	12	3	9.39
457	200	4	30.98
147	102	28	20.74
1604	14	3	6.02
2254	103	3	14.59
253	101	7	5.26
392	109	3	7.39
417	120	3	10
516	14	7	8.83
132	111	38	105.33
477	405	4	40.76
228	379	3	21.08
121	1281	3	17.66
219	101	19	38.26
16	194	13	44.65
135	184	7	23.22
273	106	3	4.03
122	102	68	70.49
102	788	6	19.16
169	177	7	34.57
143	355	4	18.79
127	139	6	6.44
2427	165	4	42.9
104	2093	3	14.76
2898	14	4	15.85
1056	14	7	19.8
4621	14	3	13.06
101	248	17	36.36
102	1452	3	9.58
359	178	10	84.27
141	116	50	194.22
1771	183	3	29.93
4458	120	4	41.97
105	452	5	16.27
350	141	4	18.46
105	571	3	8.46
167	110	6	6.47
120	170	9	22.52
101	4860	3	21.83
110	365	4	10.97
104	862	6	26.38
1417	12	4	10.24
120	541	3	11.69
154	153	3	4.9
200	938	3	26.32
1888	14	3	6.67
643	639	4	47.66
3353	4171	3	60.45
114	359	13	70.08
123	261	4	10.65
281	14	15	16.46
123	145	24	78.3
107	566	3	9.55
276	503	3	25.28
107	463	22	158.37
146	756	3	18.37
12	161	19	4.11
881	110	3	12.8
396	102	4	4.26
1355	14	3	4.96
109	132	13	11.28
105	762	3	10.01
279	117	4	10.15
106	4504	3	24.17
151	234	3	9.86
220	707	6	59.67
3535	111	3	22.88
1062	120	6	41.91
107	907	7	42.41
604	103	5	14.24
3685	111	3	22.88
335	139	3	11.56
12	1439	3	6.43
674	118	5	26.49
494	12	10	21.81
114	624	4	17.38
169	121	6	10.83
608	12	8	17.34
1459	295	10	148.69
1478	101	9	55.18
207	117	5	10.23
16	134	29	73.9
1369	119	3	17.94
134	352	4	17.29
120	613	3	12.46
116	297	6	19.28
364	334	3	24.41
101	4668	3	17.39
118	643	4	18.97
12	348	8	7.64
2	197	37	186.05
101	820	4	9.56
768	16	5	26.82
106	2666	4	30.6
110	118	151	655.97
156	102	19	12.83
213	559	3	23.47
120	113	24	29.23
278	133	3	9.04
102	1495	3	9.58
430	157	6	42.04
102	217	13	18.24
685	14	10	25.32
106	1194	6	38.33
761	120	4	20.92
112	661	3	11.23
544	14	6	6.93
107	147	30	79.44
189	102	22	40.29
16	847	6	36.56
8	5924	3	34.41
117	426	6	27.64
402	815	4	45.65
976	12	3	4.03
107	397	6	22.39
104	1827	3	13.92
102	368	8	15.88
281	111	3	4.93
708	132	3	16.12
2183	135	4	35.13
102	1356	7	35.43
875	12	6	14.03
104	976	3	9.77
85	59	5	5.89
104	1020	3	9.77
131	101	110	268.59
111	112	33	40.42
101	1181	3	7.87
272	102	8	9.31
111	305	3	5.5
102	442	8	20.05
143	721	6	43.57
216	106	13	42.69
216	231	3	15.74
234	112	5	10.05
105	4064	3	22.93
306	220	3	18.68
114	5054	3	30.02
127	111	28	57.31
139	646	4	24.48
102	3138	5	36.77
1672	1875	4	67.45
223	160	3	11.28
134	965	3	18.31
1356	101	4	14.26
243	101	26	75.99
168	928	3	23.83
1445	642	3	39.96
146	408	3	14.24
141	184	3	6.07
12	969	6	15.36
102	1610	3	10.2
121	360	6	25.6
435	112	14	85.8
1345	16	4	25.36
172	105	19	51.18
311	109	3	5.41
101	668	13	59.28
117	3513	3	24.27
146	859	3	19.26
330	107	3	5.67
2	226	5	8.05
101	2027	4	18.23
107	2537	3	19.31
152	117	18	49.25
329	327	8	79.04
135	116	11	10.62
352	119	3	8.41
539	102	4	6.52
393	168	3	17.81
669	12	5	7.46
126	452	5	26.2
139	260	5	20.1
102	2570	4	20
267	16	3	5.14
45	9	8	19.96
297	110	3	4.93
2523	12	3	9.39
411	12	7	8.22
297	154	3	12.72
107	2204	4	27.38
960	14	5	9.27
1881	14	3	6.67
250	117	3	5.09
322	105	5	11.67
102	889	4	10.62
335	14	18	34.96
114	895	4	20.67
1914	14	3	6.67
304	14	9	4.72
104	2697	3	16.97
615	201	12	132.8
1516	103	3	11.41
116	514	5	22.1
109	227	5	8.92
109	278	4	8.01
183	9	7	22.78
134	149	14	43.57
385	113	3	7.71
134	206	8	31.74
3173	1846	4	75.91
122	275	4	11.25
1210	130	3	19.75
290	139	3	10.17
464	113	12	72.02
393	12	9	13.36
108	445	4	13.16
1222	9	3	19.96
742	102	4	8.81
101	2402	3	12.48
222	352	3	20.19
311	116	5	15.24
1	57	11	56.51
117	3566	3	24.27
1961	14	4	11.46
495	101	9	26.45
101	977	7	28.44
106	707	3	10.68
431	178	6	47.23
1014	14	6	14.06
3000	14	5	23.79
133	105	67	214.44
480	12	5	4.62
116	381	3	8.05
632	1892	3	41.16
134	326	3	10.6
2	2849	4	30.45
114	5695	3	30.02
104	387	3	3.92
2482	12	3	9.39
258	1847	3	33.53
176	884	5	46.25
174	493	27	328.29
140	122	7	6.54
16	922	3	14.37
2436	14	3	8.34
1933	101	3	10.69
136	1721	5	44.39
123	228	3	5.43
123	118	17	20.47
59	253	5	18.47
111	223	8	21.75
1671	108	4	25.43
157	12	47	57.02
171	135	3	4.55
181	489	3	20.65
104	2371	4	24.12
102	1153	4	13.17
3052	112	3	23.03
137	223	3	7.61
177	230	3	13.32
178	1085	3	25.92
1549	14	4	9.63
115	368	5	17.42
120	320	5	17.7
120	152	5	3.94
223	122	12	51.31
203	101	9	5.75
2279	651	6	100.7
12	952	6	15.36
882	113	3	13.39
269	113	3	4.66
106	454	17	109.48
104	3397	4	28.62
287	102	6	5.19
191	156	13	76.13
191	106	7	11.96
2144	12	3	8.46
2038	976	3	45.25
174	101	18	19.97
107	229	6	12.29
3548	14	3	10.94
1084	201	6	65.07
1319	111	3	15.68
772	14	7	14.25
874	102	3	6.02
127	195	7	23
237	483	4	33.46
150	195	4	12.84
120	237	5	12.73
167	287	3	14.44
111	1294	10	84.66
162	203	6	29.13
348	14	11	12.92
210	882	3	26.54
101	59	24	5.57
105	2678	3	19.15
1026	295	14	206.31
1725	15	10	161.16
146	529	5	31.91
209	114	6	13.01
154	124	72	470.45
101	518	11	38.49
136	986	3	19.16
199	144	7	28.58
1339	183	4	39.93
1877	119	3	19.94
1174	12	9	37.97
130	12	74	64.62
1435	825	4	57.55
296	433	3	24.6
266	106	5	10.39
444	175	18	188.97
140	135	15	43.76
775	104	3	8.24
1576	14	4	9.63
1995	101	3	11.51
12	1954	9	55.76
21	2	10	11.01
2867	14	3	9.47
498	122	7	39.61
2907	14	5	23.79
138	205	4	11.45
1778	59	4	33.64
284	132	3	9.17
705	493	6	75.06
173	14	19	5.43
1488	13	10	106.72
148	250	3	9.89
114	925	8	55.49
114	849	10	72.53
107	4294	3	24.32
111	629	3	10.88
107	2226	4	27.38
211	110	6	11.5
2420	12	3	9.39
321	104	5	8.42
107	3661	3	22.11
109	148	10	9.94
101	2238	3	11.51
204	14	38	70.46
1903	14	4	11.46
124	920	4	25.44
792	12	9	27.19
431	380	3	27.12
12	1306	5	14.39
112	181	6	9.43
1254	108	3	15.21
102	602	3	4.1
635	141	6	41.97
169	161	19	121.16
102	804	5	14.53
286	550	8	87.27
346	122	3	8.96
12	6114	3	18.58
132	126	12	22.74
705	101	5	12.43
139	171	4	8.65
4512	14	3	13.06
126	359	5	22.76
16	313	3	6.63
103	325	5	6.97
3493	156	3	31.44
307	110	4	9.1
225	452	3	22.42
3777	12	3	14.18
1657	133	3	22.16
277	116	4	9.21
12	3688	4	19.87
104	1248	5	24.91
256	117	4	9.03
1908	14	4	11.46
915	14	11	39.03
370	173	3	17.65
232	211	3	15.51
144	1807	3	24.5
1205	227	3	29.19
101	1037	3	7.08
1510	12	7	29.31
579	12	7	12.89
153	332	3	13.7
106	1061	3	13.43
104	226	49	253.2
134	469	5	28.02
165	14	24	7.42
264	171	3	14.03
101	2566	3	12.48
102	3222	4	24.46
132	116	12	12.17
1784	101	3	10.69
132	285	3	9.17
126	542	4	20.96
139	117	7	4.63
139	279	3	9.89
186	332	3	17.58
143	435	3	14.09
122	121	14	14.2
4961	104	3	25.19
1378	325	3	33.88
127	184	3	4.68
149	12	31	9.77
2970	111	5	43.92
2990	1009	4	67.09
128	329	4	15.6
12	1754	9	49.35
461	120	3	10.7
118	1548	3	18.22
887	101	3	6.11
2457	14	3	8.34
101	329	13	32.74
712	139	23	257.3
2961	12	3	10.54
991	12	3	4.03
105	374	5	13.74
110	242	18	79.39
101	2991	3	13.67
150	184	3	7.35
12	2465	4	15.49
85	106	13	15.2
217	12	13	7.7
101	529	8	22.51
2741	14	3	9.47
3662	14	3	10.94
511	132	4	21.1
400	14	18	46.29
111	136	10	7.51
649	590	4	47.07
286	814	4	40.98
300	217	3	18.3
59	301	3	9.67
131	270	3	8.57
266	102	6	4.17
1234	12	3	5.05
317	12	11	13.48
499	640	3	31.97
328	102	6	7.27
1424	14	12	69.81
159	136	6	14.25
1088	103	3	9.44
131	224	4	11.35
12	2564	3	9.39
2552	732	3	44.04
151	691	8	67.16
118	536	5	23.96
12	836	13	53.37
1011	2060	4	63.63
101	431	6	10.88
106	316	4	8.97
1070	102	6	23.46
1161	12	3	5.05
181	300	3	16.11
221	258	3	17
825	104	3	8.51
142	864	4	27.35
162	159	3	7.07
106	392	7	27.69
578	987	3	36.34
162	294	3	13.85
203	111	11	33.47
119	4223	4	41.79
110	144	48	172.75
127	167	21	99.35
534	14	7	9.53
945	101	9	41.03
149	142	4	4.98
504	425	3	29.46
104	5318	3	25.19
118	1501	3	18.22
1132	12	6	17.81
700	108	12	82.05
212	12	14	8.48
191	102	13	12.96
2013	12	5	20.66
16	158	12	26.22
1932	251	4	47.33
2720	295	6	92.9
888	15	10	134.88
186	116	5	7.54
877	109	3	12.8
112	336	3	6.54
105	4249	3	22.93
101	785	8	30.13
542	506	4	44.29
172	117	4	4.22
101	734	7	22.88
125	105	24	27.1
783	103	5	17.06
103	1255	3	10.33
114	3381	5	50.04
109	498	4	14.22
115	937	3	14.02
114	5239	3	30.02
115	786	3	12.77
104	376	16	71.33
155	278	8	49.42
109	296	4	8.53
15	1636	10	161.16
366	437	4	38.21
107	3497	4	33.42
2222	14	3	7.43
2	491	4	13.49
197	171	4	17.14
472	101	15	59.44
831	122	3	14.99
2253	14	3	8.34
164	120	8	15.82
613	101	3	3.93
1049	5647	3	56.24
476	119	5	23.28
532	103	4	8.7
605	180	3	22
136	140	12	31.08
253	139	6	25.79
1568	125	4	30.23
1051	104	3	10.14
85	1725	8	86.28
101	2090	4	18.23
169	132	7	20.08
102	781	3	5.51
509	119	4	17.25
113	226	6	13.55
175	14	43	60.77
5618	14	3	17.45
12	1475	3	6.43
1055	14	5	10.44
733	5742	3	53.6
103	117	29	5.98
335	109	3	6.03
114	884	8	54.37
148	170	4	10.05
219	465	3	22.58
16	429	3	9.15
3495	102	3	15.43
151	254	7	36.7
109	121	41	80.44
106	641	4	15.65
133	117	9	7.09
12	148	108	234.26
13	1424	12	136.14
12	324	7	4.31
2340	520	6	97.62
1715	14	4	10.48
473	105	4	11.88
344	132	3	10.97
118	355	3	8.23
12	710	4	4.74
124	135	7	7.28
199	118	27	142.16
5467	2876	3	63.36
354	104	4	6.23
143	1931	3	24.07
137	12	44	16.7
399	163	4	25.14
123	102	76	95.36
12	1933	7	34.01
132	2181	3	23.77
493	110	3	8.99
3932	1791	4	80.91
1209	12	3	5.05
101	1322	8	41.17
101	3922	4	29.11
515	14	8	11.94
1574	14	4	9.63
2148	119	3	20.81
2835	107	3	20.53
127	101	43	31.83
155	1765	3	26.69
986	101	3	6.73
332	124	13	80.73
475	1137	3	35.85
216	102	32	98.03
118	1431	3	17.63
111	494	3	9.41
181	220	7	43
221	135	3	7.27
102	1471	3	9.58
419	139	5	27.83
120	136	8	6.96
167	152	3	6.46
12	2178	3	8.46
2104	136	7	75.51
9	103	42	58.51
106	4851	3	28.65
348	116	3	7.35
419	14	11	18.21
1402	14	3	4.96
142	1034	9	84.59
16	2058	3	19.88
105	402	3	6.12
1767	5410	3	60.22
156	106	9	10.24
823	108	3	12.15
120	168	5	7.08
104	811	8	39.68
952	12	6	15.36
39	193	13	75.26
189	106	5	5.79
140	499	5	30.25
103	4292	3	19.55
1462	150	5	46.45
106	1189	3	14.29
216	311	3	18.7
843	14	6	11.46
2761	2721	4	78
111	257	4	7.45
102	533	9	28.74
59	167	3	4.09
111	142	9	6.57
2015	5698	3	61.1
123	144	16	39.3
103	783	3	7.18
266	174	3	14.35
159	12	19	3.93
180	159	3	9
103	4601	3	19.55
1406	161	4	36.75
671	129	4	23.37
104	864	3	8.8
1539	14	3	5.46
101	576	16	75.77
106	286	4	7.65
124	122	14	20.13
115	5118	3	30.04
12	663	17	70.66
298	126	5	19.6
109	338	3	6.11
1864	101	3	10.69
1483	103	4	17.85
145	377	5	27.47
121	268	5	14.83
178	425	5	37.4
418	141	3	13.77
2856	12	3	10.54
6435	12	3	18.58
871	244	5	51.68
101	1850	3	10.69
102	869	3	6.02
105	3321	4	31.56
102	937	4	11.06
1558	12	4	11
873	132	4	25.86
104	1173	4	17.14
108	105	52	63.03
333	126	4	15.63
1225	14	3	4.14
4100	14	3	13.06
929	513	5	64.39
114	2408	6	54.32
2380	107	3	19.31
633	101	7	20.57
16	192	10	28.59
766	12	6	12.34
135	138	5	4.96
654	133	4	23.28
4176	1465	4	78.85
122	104	39	37.85
894	108	5	26.82
106	1702	4	24.85
105	2251	4	27.04
155	502	5	34.97
165	126	6	12.74
1298	14	4	8.23
599	101	4	7.17
116	107	32	35.62
116	157	7	8.33
151	416	3	15.42
1305	595	3	38.35
105	3979	3	22.93
191	132	6	18.51
649	152	6	46.29
101	1530	4	15.06
128	210	8	30.88
12	1770	3	7.68
959	14	5	9.27
104	3301	5	41.99
843	111	4	19.24
189	104	8	8.12
355	113	4	11.57
9	149	4	4
327	110	4	9.85
155	971	3	22.33
419	111	3	8.27
865	279	4	41.21
1915	14	6	23.78
703	103	3	6.47
199	441	7	61.98
137	150	5	7.63
106	116	25	18.41
1144	14	8	26.6
124	117	13	13.76
130	289	5	20.28
130	170	3	4.22
563	374	11	140.27
174	1360	3	27.11
177	131	3	4.66
2045	108	3	18.59
276	568	3	26.25
111	250	11	40.3
102	366	8	15.62
15	466	10	117.38
111	150	15	28.09
108	306	6	17.94
1738	14	3	6.02
104	1112	3	10.54
102	4180	3	17.61
520	108	4	14.64
3005	12	3	10.54
112	355	8	34.06
2995	380	4	57.6
113	184	12	33.99
211	113	8	20.84
102	876	6	21.09
133	341	3	10.88
12	102	671	796.28
197	147	30	212.81
12	159	22	7.46
396	104	4	7.53
298	114	4	9.56
2882	14	3	9.47
859	101	3	5.83
1567	14	3	5.46
752	109	3	11.63
101	4211	4	29.11
151	236	11	64.95
4102	4177	4	93.27
165	114	10	19.78
104	101	490	1219.29
13	4139	4	45.32
129	334	3	10.53
1287	280	3	31.83
2830	16	6	60.82
147	231	4	13.99
188	946	3	25.54
172	143	6	17.95
255	137	3	8.77
147	106	8	4.28
186	141	19	107.4
1818	110	3	17.76
152	133	9	22.25
101	1996	4	18.23
122	106	25	28.78
16	189	4	5.02
16	59	119	651.49
102	2401	3	12.7
102	697	3	4.84
225	219	17	151.22
1409	14	4	8.89
119	1228	3	16.91
280	111	8	27.37
135	114	10	7.85
785	14	4	4.42
186	166	29	229.95
179	106	18	56.28
116	1410	3	16.87
132	141	5	4.97
3191	113	3	23.04
214	106	8	18.5
107	1937	4	26.12
547	410	3	29.88
4718	201	3	42.56
401	116	3	8.62
101	599	8	25.18
106	1034	3	13.43
12	511	19	70.94
2037	103	5	29.54
1889	111	4	27.15
381	117	3	8.71
1481	1654	6	106.43
85	4228	4	48.1
102	1799	3	10.91
106	777	6	31.81
106	626	7	35.74
715	14	7	13.09
415	756	3	31.98
2393	110	6	52.54
101	2346	4	19.71
109	177	8	14.27
201	12	18	14.83
1125	12	4	8.4
162	3535	3	32.34
297	112	4	9.23
118	5593	3	31.02
102	1027	5	17.45
3508	14	3	10.94
2160	103	3	13.61
684	14	12	35.49
108	757	5	24.7
1860	103	3	12.77
302	120	6	21.88
601	530	3	32.29
1991	2068	4	71.09
372	330	3	24.54
111	110	33	35.51
111	154	7	6.39
59	197	20	112.91
359	383	3	25.62
12	717	4	4.74
146	233	7	32.15
1905	16	3	19.02
124	131	7	6.62
2885	102	3	13.89
573	144	3	16.56
177	117	6	10.86
12	4616	4	24.78
177	279	10	75.7
1202	14	3	4.14
278	117	5	14.74
2357	107	7	67.22
101	3111	5	36.39
141	186	9	37.14
2238	108	4	27.77
1430	12	5	15.32
220	405	5	41.05
107	157	16	34.53
1437	111	4	24.29
420	12	6	5.63
911	139	10	91.41
102	1275	5	19.85
473	229	4	33.24
324	14	9	6.36
3614	111	3	22.88
363	142	5	25.87
391	124	3	11.2
126	1911	3	22.23
140	120	17	37.42
4289	103	3	19.55
2913	130	3	25.93
107	531	3	9.19
587	101	5	10.69
1052	132	3	18.97
5167	103	3	24.01
2930	107	3	20.53
102	2699	3	13.89
114	465	7	34.17
170	104	8	5.47
1382	12	4	10.24
399	113	3	8.17
2575	12	3	9.39
114	314	9	37.74
3473	12	3	12.04
101	1389	5	20.46
101	1492	3	9.37
262	151	5	23.24
1198	150	5	43.37
39	162	3	6.11
818	103	3	7.45
2941	14	5	23.79
1400	101	4	14.26
1075	14	4	6.62
2	809	4	17.9
141	254	4	14.37
686	12	6	10.93
101	291	11	20.17
1186	102	3	8.07
102	3312	3	15.43
102	3268	3	15.43
155	470	7	52.84
129	12	52	21.37
155	367	5	30.42
119	437	20	151.39
136	331	4	17.12
2464	14	4	14.04
152	155	3	4.98
169	311	3	15.63
352	107	3	6.19
877	101	5	15.23
1577	14	3	5.46
135	111	36	99.68
148	406	3	14.47
2265	2055	3	51.54
104	1460	3	12.54
186	2918	3	33.27
174	808	8	80.56
3118	4317	3	60.45
444	699	3	31.88
2124	1373	4	66.91
148	305	4	17.81
107	1043	3	13.57
513	163	3	18.75
148	112	9	8.87
108	276	8	25.79
873	102	3	6.02
114	2288	5	41.69
773	14	23	133.83
107	3610	3	22.11
102	1664	3	10.2
142	101	46	57.35
106	828	3	11.73
1169	295	14	218.37
5606	466	3	50.69
13	1459	10	106.72
187	391	4	28.07
347	14	18	37.36
418	116	4	14.04
105	622	22	172.22
491	104	3	5.54
326	113	4	10.58
109	106	67	132.54
104	436	21	118.9
3367	3424	5	114.36
133	143	17	52.25
118	894	5	29.97
161	106	7	6.81
1886	12	3	7.68
142	213	3	7.6
2524	14	3	8.34
85	801	4	27.33
1399	14	6	18.94
439	14	12	22.92
108	229	5	9.09
148	152	8	23.14
256	122	19	108.09
107	956	9	61.64
146	1982	3	25.52
1279	102	3	8.53
1419	108	7	51.69
12	1136	3	4.68
550	110	3	9.67
122	177	9	25.55
939	101	3	6.41
2437	14	4	14.04
3489	14	3	10.94
1756	198	3	30.07
229	750	4	37.32
126	475	18	151.16
227	2318	5	64.59
165	111	15	38.61
121	455	10	61.3
114	2082	8	80.08
2	253	13	48.23
947	133	6	45.86
101	847	3	5.83
102	2084	3	11.73
167	170	3	9.06
104	676	5	17.17
102	1363	3	9.02
348	101	7	10.94
121	2354	3	22.08
1013	14	4	6.18
106	556	3	9.42
1350	109	3	15.77
341	140	3	11.93
1189	14	3	4.14
2222	961	3	44.88
1224	14	3	4.14
1828	166	4	40.2
104	3242	4	28.62
104	3166	4	28.62
2597	1010	4	67.09
1711	12	4	11.87
514	12	5	5.04
117	550	3	11.4
195	251	3	15.37
108	615	3	10.42
4345	12	3	14.18
140	188	4	10.52
469	106	6	24.71
2497	4156	3	57.62
3697	111	3	22.88
101	1285	8	41.17
206	120	46	310.92
510	103	4	8.28
176	359	3	17.56
102	1108	5	18.18
911	14	5	8.75
106	109	26	14.47
171	215	4	18.66
199	145	11	55.43
344	102	8	14.61
121	825	4	21.86
166	151	3	5.84
130	238	3	7.36
217	110	5	8.57
104	932	7	35.07
155	694	4	28.93
1820	113	4	27.36
233	435	3	22.37
456	12	5	4.24
282	129	3	8.95
111	151	8	7.59
59	115	17	26.05
962	129	3	18.03
102	543	4	6.73
114	422	5	19.41
323	550	3	27.48
230	148	5	20.15
394	124	6	31.04
247	116	5	11.77
39	134	6	11.49
735	119	5	27.88
1078	14	4	6.62
202	14	15	5.72
102	291	23	77.42
685	12	7	14.83
103	1102	4	15.02
4601	139	3	30.76
3217	4779	3	64.95
4317	3067	3	60.45
590	102	3	3.94
118	314	4	11.67
12	1007	3	4.03
105	464	4	11.68
119	4191	3	26.85
1140	105	3	12.64
2905	14	3	9.47
441	101	8	19.51
126	1761	3	22.23
120	285	3	6.64
117	1305	6	44.11
120	116	32	58.13
922	4263	3	50.96
2	13	20	25.43
330	146	4	18.61
353	107	3	6.19
147	230	3	8.87
13	4138	4	45.32
6114	139	3	35.25
106	2334	4	28.7
217	1705	3	31.27
267	133	3	8.54
105	1671	3	15.33
246	195	3	15.2
139	102	88	211.12
1665	1595	5	86.64
273	103	5	4.85
2471	14	3	8.34
12	1106	6	17.81
101	1997	4	18.23
169	122	4	5.09
102	725	3	5.05
191	632	3	22.86
13	103	37	39.97
106	2013	4	27.19
104	1263	3	11.45
762	108	3	11.6
104	1111	3	10.54
102	2221	6	35.23
102	2145	4	18.53
349	154	8	54.59
183	123	6	13.84
85	620	13	118.01
126	1506	7	64.15
168	141	5	12.63
101	4210	4	29.11
415	664	4	44.15
4102	4176	4	93.27
12	6421	3	18.58
105	672	6	27.14
116	393	9	45.37
835	14	5	7.83
719	347	3	29.74
104	509	7	24.61
113	1488	10	92.51
106	778	3	11.45
101	1057	5	17.1
8	1028	8	69.7
12	207	106	514.26
102	1028	4	12.03
960	12	9	31.63
335	12	13	21.39
2181	12	3	8.46
164	106	8	9.8
117	4484	3	26.49
164	156	27	175.72
107	917	7	42.41
918	111	3	13.24
411	14	6	4.11
117	848	9	65.58
241	286	3	18.75
139	208	7	28.27
246	114	3	4.24
1000	167	3	24.09
116	1409	3	16.87
139	259	4	14.27
3237	103	3	17.35
806	104	3	8.51
118	2030	3	20.49
4040	12	3	14.18
172	102	52	159.03
125	118	103	513.99
145	2912	3	27.78
12	512	6	7.78
1080	135	3	19.28
141	841	4	26.92
133	367	9	54.73
12	461	5	4.24
105	1064	4	18.8
194	1015	3	26.33
289	101	8	10.2
146	352	3	12.84
12	904	4	6.61
209	150	3	8.88
977	14	4	6.18
440	851	3	33.17
350	112	4	11.3
107	1427	4	23.26
156	260	4	18.04
110	274	8	25.69
189	260	3	15.34
107	309	16	78.89
101	3805	3	17.39
296	151	3	12.1
623	12	4	4.03
104	3317	4	28.62
1856	101	3	10.69
362	160	4	23.49
372	373	8	85.52
544	317	3	27.29
5801	14	3	17.45
191	117	5	8.91
3006	14	3	9.47
1012	14	5	9.83
146	1376	3	22.63
103	679	3	6.26
2708	13	6	68.01
906	14	8	21.91
162	1302	3	25.05
140	161	3	4.14
180	149	3	7.03
140	104	15	7.07
102	4846	3	22.06
177	227	6	34.64
344	135	9	53.94
124	132	12	21.59
1440	547	4	54.74
106	333	12	54.61
875	14	8	20.96
193	1894	5	57.76
108	1089	3	14.27
57	149	4	4.57
111	537	3	9.91
102	210	13	16.92
466	2	6	24.49
447	111	4	13.77
102	1530	3	9.58
102	1486	5	21.92
252	360	3	21.46
223	121	3	4.75
120	151	7	8.45
120	200	6	14.54
150	181	6	22.16
105	422	15	81.25
156	263	4	18.21
110	249	7	18.45
115	291	9	35.31
381	2131	3	38.28
101	2777	5	31.03
101	2733	3	13.67
451	106	5	18.21
1678	102	3	10.2
110	501	3	8.99
784	146	3	18.65
199	105	10	21.54
2172	198	5	59.94
124	205	3	5.48
118	542	3	11.44
114	1278	3	16.11
2069	1191	6	106.93
137	116	12	14.07
101	366	5	5.54
805	59	3	17.36
170	105	6	4.69
543	623	6	75.07
111	285	4	8.7
442	103	3	3.95
157	164	5	15.75
157	14	78	140.74
111	116	31	39.04
1137	14	13	64.07
140	121	11	16.51
193	1707	8	102.35
2078	2129	8	175.46
107	480	4	13.6
228	602	6	58.28
389	104	6	15.26
103	102	120	19.34
12	1407	6	21.09
13	265	3	8.11
108	277	11	42.67
706	116	4	18.62
101	2324	6	37.98
480	14	12	25.99
115	725	3	12.24
5698	4885	3	71.68
134	329	6	29.44
104	386	8	24.5
109	230	6	12.85
321	258	3	20.64
460	1378	3	37.04
101	876	4	10.35
702	172	5	42.43
12	265	12	10.3
1014	12	3	4.03
133	102	77	143.63
1293	125	3	19.48
101	680	4	7.96
102	1996	3	11.73
255	165	4	19.38
103	1105	3	9.44
116	340	3	7.08
2366	101	3	12.48
308	122	11	56.95
12	2884	5	25.66
16	243	6	16.07
157	2273	3	28.76
6316	14	3	17.45
246	111	3	3.9
2631	14	3	9.47
393	14	12	20.33
108	446	3	8.23
160	224	3	11.28
1432	162	3	25.59
132	136	5	4.36
1341	12	5	15.32
122	133	7	4.84
398	129	5	25.59
352	108	3	6.44
112	195	5	7.6
245	102	10	12.51
135	112	9	5.34
101	3255	3	15.21
117	4367	3	26.49
158	101	68	198.04
135	152	4	4.84
1746	14	3	6.02
101	2054	5	25.96
12	471	7	9.92
792	14	5	7.41
1200	119	3	16.91
3657	14	3	10.94
121	2760	3	23.31
1416	14	6	18.94
683	104	3	7.29
126	1245	3	19.67
1774	108	4	26.51
178	106	5	4.72
116	123	17	17.28
105	946	5	24.68
594	624	3	33.33
204	12	15	9.55
121	6259	3	31.6
489	117	3	10.7
643	150	3	18.2
106	812	7	40.38
117	2450	3	21.46
102	854	5	15.04
241	141	6	25.26
108	118	25	25.25
458	161	3	17.95
256	123	3	6.34
312	156	3	13.71
1576	12	5	16.37
300	175	29	295.75
12	1953	4	12.87
1694	12	3	7.01
12	1901	9	55.76
1824	103	4	19.83
2507	111	5	40.97
130	164	13	48.12
130	14	185	404.15
121	707	3	13.48
121	655	5	27.03
363	101	5	5.54
12	722	4	4.74
1450	112	3	16.95
101	339	19	64.89
162	206	12	75.68
162	149	21	113.85
115	2673	3	21.77
1615	103	3	12.05
156	120	5	4.81
1328	14	6	17.74
610	103	3	5.68
167	126	4	6.4
120	234	3	4.9
874	105	5	23.5
2884	101	4	21.58
1427	12	3	5.92
106	1114	3	13.85
761	102	4	9.13
107	2941	3	20.53
390	102	4	4.01
112	689	4	17.63
146	2163	6	63.22
330	2930	4	55.84
101	2634	4	21.58
151	541	3	17.17
107	1917	4	26.12
463	12	9	16.39
718	871	3	36.43
2136	974	8	151.95
118	704	5	26.92
421	111	15	92.01
125	145	8	13.19
640	114	3	11.29
2137	14	4	12.63
431	384	3	27.25
125	261	3	7.51
961	14	6	13.33
103	578	4	9.41
260	116	3	4.8
1233	14	3	4.14
417	102	5	7.61
108	365	4	10.93
108	424	6	24.03
227	3587	4	53.33
126	422	5	25.22
126	371	32	289.33
1962	175	3	30.05
312	161	6	37.47
458	156	4	25.22
114	997	10	77.18
342	114	6	21.97
102	1071	3	7.28
687	111	3	11.32
1302	120	4	26.02
143	1450	3	22.65
6282	5032	3	71.68
109	260	3	3.93
193	438	20	224.42
1548	355	3	35.4
713	12	6	11.37
109	209	5	8.06
107	1712	4	25.04
101	380	8	16.2
825	566	3	34.75
118	374	3	8.64
1008	12	3	4.03
1569	14	3	5.46
1406	120	3	18.08
941	114	8	55.49
2876	14	3	9.47
120	418	3	10
104	1046	6	29.53
115	329	3	6.64
114	3992	3	25.53
106	3876	3	24.17
220	136	4	12.06
2845	14	3	9.47
111	267	12	48.59
143	612	3	16.34
900	102	4	10.62
102	307	10	18.94
847	2837	6	110.61
144	270	4	15.7
107	264	12	45.09
285	122	3	7.13
313	144	3	11.66
85	1169	14	168.69
149	101	19	6.79
101	3075	3	15.21
1442	2032	3	48.21
120	166	8	16.21
115	379	5	17.98
120	241	8	28.14
162	310	3	14.49
141	237	5	18.83
631	104	5	16.41
141	112	9	6.85
161	2190	3	28.42
120	141	10	13.23
184	307	4	24.54
101	4944	3	21.83
105	536	4	12.77
209	136	4	11.53
447	14	10	16.1
995	146	3	20.31
1103	103	3	9.44
412	164	6	43.59
106	1160	7	47.59
2919	156	3	29.85
313	102	7	9.52
114	4985	3	30.02
117	397	12	71.01
4210	2761	4	85.64
2368	1190	5	87.74
247	141	3	8.92
104	1653	3	13.19
302	106	6	16.67
302	156	3	13.22
107	367	3	6.47
103	663	3	6.06
287	484	3	25.23
114	506	3	9.97
106	1415	7	50.66
143	702	4	25.46
102	457	4	5.41
227	180	7	43.47
101	533	4	6.28
102	1165	5	18.98
3497	14	4	18.38
1066	12	3	4.34
130	21	8	18.11
380	16	3	8.19
15	1637	10	161.16
2491	12	3	9.39
106	822	5	24.98
12	131	38	5.46
340	151	3	13.47
1703	12	4	11.87
12	191	110	488.65
340	200	3	18.69
3107	1851	3	53.5
116	527	7	36.38
168	285	5	29.38
115	734	5	25.77
2962	14	4	15.85
1484	103	7	41.75
802	180	3	23.75
422	178	5	37.15
284	120	46	374.43
565	123	3	12.78
157	914	3	21.79
122	188	5	10.19
371	12	10	14.59
152	104	12	7
113	487	4	14.99
245	108	4	6.46
117	2177	3	20.45
112	269	4	8.13
733	1203	14	258.78
364	111	4	11.52
218	14	18	14.08
1445	331	6	80.27
5943	14	3	17.45
193	169	29	243.16
115	990	3	14.39
109	414	3	7.86
115	1042	3	14.78
101	786	5	13.71
147	188	3	6.95
1451	12	3	6.43
106	897	7	42.07
569	101	4	6.93
16	361	4	12.51
108	145	26	63.9
241	116	5	11.34
108	261	5	10.74
701	133	9	70.53
164	161	9	40.52
101	860	4	9.95
142	181	10	42.22
3647	102	3	15.43
232	170	4	19.39
381	470	9	106.15
112	1277	7	51.54
967	2546	3	45.9
151	140	7	15.98
126	1584	3	21.48
134	210	4	10.94
385	124	13	87.46
2607	124	5	50.11
117	1981	3	20.45
155	107	36	131.06
109	120	56	139.31
677	101	4	7.96
813	103	4	12.19
101	2385	4	19.71
116	205	5	9.21
193	164	5	21.61
1117	14	4	7.1
119	571	3	12.12
101	815	4	9.56
3532	12	3	12.04
12	458	6	6.73
122	260	3	6.29
128	664	3	15.39
152	121	10	18.71
13	577	3	14.67
186	154	10	50.99
16	176	15	49.41
291	944	3	30.04
374	119	3	8.93
132	250	3	7.96
306	180	16	144.95
1697	14	3	6.02
191	122	5	10.4
101	1374	7	34.91
102	329	11	24.88
107	2962	6	57.62
140	483	4	22.09
105	1176	4	20
1040	102	5	17.45
203	223	3	14.86
108	1665	3	16.99
1019	12	7	21.25
1075	113	5	29.86
209	142	7	28.82
3618	120	4	36.98
1227	59	3	20
124	59	11	18.66
154	152	3	4.73
137	101	21	4.04
1180	101	4	12.89
793	139	4	26.25
265	102	6	4.08
758	110	3	11.63
108	647	3	10.64
140	106	12	10.86
140	156	13	48.68
4457	12	3	14.18
1645	16	6	47.41
230	102	7	4.26
6331	14	3	17.45
767	14	6	10.41
328	122	5	18.89
111	101	54	12.47
102	379	19	74.06
179	902	3	24.36
1151	101	5	18.62
131	320	5	22.07
469	120	19	147.21
1220	178	5	50
117	178	7	14.57
229	363	3	20.67
102	431	6	11.26
934	12	4	7
144	402	3	13.96
1057	330	4	45.49
123	143	8	9.46
1270	12	4	9.56
281	12	8	3.86
1748	154	3	25.61
154	112	6	4.44
102	1303	3	8.53
420	129	3	12.53
166	136	5	10.97
793	14	5	7.41
1118	101	5	17.83
104	1067	4	15.96
288	111	4	8.78
1417	14	3	4.96
13	5398	3	33.99
104	661	4	11.64
120	286	3	6.64
314	103	7	13.19
162	190	29	228.79
305	112	4	9.51
121	4235	4	42.13
116	2538	3	20.74
114	1501	3	17.23
2068	1626	3	48.88
12	1070	11	48.73
1056	12	5	12.11
191	135	11	47.97
113	881	3	13.39
216	143	4	12.58
2529	9	7	80.42
57	173	4	8.72
107	144	23	48.42
131	403	3	12.34
229	178	38	379.95
127	257	3	7.67
117	2331	3	21.46
1210	14	4	7.64
158	226	7	37.19
102	734	6	18.05
102	785	6	19.16
516	12	7	10.92
132	110	11	7.17
3012	381	3	40.55
134	550	4	21.98
1735	102	3	10.2
117	1709	7	60.12
176	1877	4	42.12
421	224	4	31.45
748	103	3	6.7
457	152	3	16.37
2596	101	3	13.67
340	116	37	292.73
161	120	8	15.28
2365	3107	5	105.99
384	12	9	12.4
16	378	4	13.09
107	1023	3	13.19
121	1462	3	18.79
312	121	3	7.6
148	186	4	11.56
520	103	4	8.49
648	101	3	4.27
114	1048	7	48.26
103	275	6	7.56
520	295	6	61.24
745	111	5	25.02
432	122	3	10.67
102	938	10	49.22
143	153	5	9.23
107	2189	4	27.38
211	221	3	15.16
102	990	3	6.93
107	2241	5	37.48
