1865	1
3589	2
8991	3
4241	4
355	5
4136	6
6996	7
3696	8
873	9
9788	10
6695	11
4648	12
839	13
8622	14
4760	15
4332	16
5328	17
6848	18
5329	19
3101	20
470	21
9346	22
7093	23
1672	24
5518	25
8838	26
7141	27
9259	28
3002	29
3540	30
8336	31
7790	32
4196	33
8241	34
3839	35
1656	36
9006	37
7298	38
6798	39
1545	40
1314	41
6188	42
5984	43
9630	44
609	45
3374	46
9334	47
9943	48
6411	49
1914	50
6611	51
1393	52
3841	53
3907	54
7383	55
25	56
1387	57
4973	58
5446	59
8216	60
8964	61
1951	62
4929	63
2132	64
2089	65
7177	66
5389	67
1942	68
6929	69
6881	70
2714	71
8788	72
3245	73
4842	74
7890	75
3016	76
6718	77
1052	78
8428	79
6199	80
160	81
4209	82
5426	83
1750	84
6894	85
5619	86
732	87
5052	88
9338	89
5775	90
6582	91
7560	92
9102	93
1070	94
7720	95
5670	96
5152	97
2015	98
4522	99
6518	100
6610	101
7468	102
2036	103
1975	104
670	105
2467	106
4454	107
8439	108
3255	109
1646	110
68	111
3737	112
5591	113
610	114
8990	115
4888	116
8532	117
2533	118
1094	119
1861	120
1077	121
4544	122
8590	123
4249	124
2632	125
4218	126
1088	127
149	128
8599	129
6303	130
605	131
9852	132
8470	133
9801	134
5010	135
4430	136
3536	137
4679	138
5714	139
5160	140
4804	141
7599	142
2648	143
3470	144
1427	145
5921	146
2824	147
2399	148
1730	149
9962	150
4457	151
4498	152
6608	153
19	154
3731	155
4367	156
3104	157
2892	158
2266	159
5123	160
5926	161
755	162
5333	163
7949	164
2332	165
3757	166
5989	167
3793	168
6029	169
6659	170
8329	171
6167	172
6106	173
5833	174
8994	175
5360	176
2107	177
1283	178
4710	179
7416	180
1085	181
5515	182
9024	183
2223	184
2191	185
4088	186
2780	187
3044	188
9306	189
6025	190
6577	191
4712	192
5158	193
9260	194
5219	195
8574	196
5069	197
342	198
1509	199
3440	200
6877	201
5655	202
7499	203
3323	204
4695	205
9082	206
3373	207
9451	208
2846	209
8710	210
5965	211
2518	212
4170	213
8170	214
5469	215
3160	216
4876	217
2145	218
4264	219
9140	220
3284	221
304	222
6596	223
357	224
4354	225
249	226
1168	227
417	228
2981	229
7651	230
6101	231
5952	232
1072	233
2720	234
3840	235
3163	236
5529	237
7614	238
667	239
4979	240
4965	241
1028	242
2263	243
3724	244
3704	245
7933	246
678	247
8724	248
9369	249
7908	250
7271	251
4250	252
5579	253
3154	254
8058	255
5838	256
3432	257
4331	258
5327	259
5956	260
9214	261
3784	262
4569	263
6840	264
3296	265
2929	266
2670	267
2064	268
8433	269
272	270
6041	271
4242	272
7681	273
6313	274
1910	275
4874	276
5638	277
9296	278
7708	279
9881	280
6883	281
7450	282
7880	283
5345	284
7881	285
6597	286
8367	287
6549	288
6486	289
2476	290
7893	291
4217	292
3751	293
5549	294
3442	295
7465	296
2305	297
5102	298
2558	299
2128	300
6651	301
3814	302
1520	303
2189	304
6895	305
3556	306
156	307
1881	308
4870	309
136	310
3229	311
1426	312
9681	313
2516	314
6437	315
933	316
5260	317
9063	318
321	319
9828	320
6887	321
6027	322
6961	323
9059	324
8816	325
1252	326
2239	327
8658	328
5741	329
7169	330
2406	331
1101	332
400	333
430	334
2232	335
9425	336
4599	337
7745	338
9733	339
1918	340
7135	341
2733	342
2614	343
5859	344
4846	345
9239	346
1561	347
4576	348
9446	349
1097	350
3501	351
5673	352
3613	353
1960	354
1756	355
186	356
399	357
2562	358
3726	359
310	360
3460	361
8309	362
1518	363
8294	364
1739	365
7022	366
2411	367
9952	368
6147	369
6049	370
7255	371
5948	372
6738	373
500	374
5479	375
6151	376
386	377
4707	378
7765	379
7230	380
1514	381
2253	382
2222	383
7046	384
3301	385
7886	386
1349	387
6252	388
8935	389
6795	390
771	391
2403	392
5418	393
2346	394
4636	395
1797	396
3186	397
9798	398
2758	399
1274	400
8984	401
6688	402
5615	403
7122	404
6420	405
9197	406
9918	407
3958	408
5054	409
2772	410
1537	411
2058	412
2512	413
7895	414
821	415
4785	416
2398	417
2496	418
1856	419
8546	420
4671	421
8593	422
2479	423
8476	424
4667	425
369	426
2591	427
7906	428
8725	429
3622	430
3491	431
7034	432
2257	433
3555	434
4915	435
8053	436
6809	437
8343	438
7989	439
4948	440
5340	441
6576	442
7091	443
7234	444
8784	445
1403	446
2866	447
3837	448
9218	449
4097	450
8424	451
6569	452
3979	453
8634	454
567	455
7174	456
6765	457
9328	458
3181	459
1693	460
3164	461
4406	462
8126	463
9071	464
632	465
4516	466
4545	467
7431	468
32	469
7995	470
2862	471
9305	472
4682	473
5747	474
9452	475
1549	476
5700	477
3790	478
4434	479
8883	480
9190	481
2226	482
8417	483
4004	484
9455	485
16	486
5305	487
5414	488
5871	489
8335	490
2184	491
4609	492
792	493
18	494
172	495
5576	496
5135	497
1112	498
1468	499
3076	500
1284	501
1128	502
5261	503
2792	504
1869	505
8133	506
8879	507
1872	508
2383	509
1355	510
3722	511
5066	512
8237	513
6832	514
6968	515
9543	516
6053	517
4157	518
9563	519
6702	520
1	521
6918	522
1593	523
6311	524
351	525
5463	526
7051	527
1192	528
255	529
7404	530
1491	531
8854	532
2366	533
6203	534
7807	535
8396	536
1208	537
8349	538
9173	539
3552	540
6365	541
9849	542
6823	543
5678	544
8708	545
3942	546
3021	547
2842	548
5090	549
469	550
5759	551
5168	552
5422	553
9511	554
5084	555
2605	556
3931	557
7422	558
5500	559
9430	560
3309	561
3459	562
238	563
6684	564
5922	565
6715	566
8085	567
3461	568
4613	569
9298	570
1402	571
111	572
8401	573
493	574
1784	575
3145	576
7486	577
4263	578
8010	579
5310	580
3288	581
9489	582
5617	583
4417	584
1406	585
1522	586
2112	587
3113	588
803	589
1419	590
7267	591
8456	592
8280	593
7794	594
4595	595
6372	596
9103	597
9675	598
379	599
8323	600
7392	601
8704	602
5668	603
8953	604
7785	605
5421	606
2343	607
9664	608
6122	609
1120	610
258	611
2470	612
3099	613
5612	614
2698	615
7407	616
7821	617
5932	618
6380	619
7353	620
3064	621
4733	622
2941	623
8602	624
120	625
3836	626
8197	627
9560	628
2823	629
1183	630
3090	631
5818	632
2008	633
2127	634
5575	635
8269	636
1892	637
286	638
1579	639
2079	640
7750	641
6650	642
8528	643
6889	644
2484	645
81	646
5652	647
1893	648
5968	649
4472	650
769	651
3251	652
260	653
1917	654
3616	655
8503	656
4719	657
3952	658
3588	659
3615	660
7767	661
9674	662
3773	663
6606	664
2364	665
5978	666
3744	667
9559	668
9892	669
5428	670
2907	671
4767	672
2576	673
1533	674
1988	675
5396	676
3861	677
4296	678
7744	679
9595	680
3346	681
3651	682
5056	683
9476	684
6910	685
669	686
3703	687
3705	688
5634	689
7576	690
8560	691
5257	692
3137	693
1835	694
2299	695
5888	696
9182	697
2775	698
7138	699
7013	700
3182	701
4040	702
9007	703
7399	704
5128	705
2217	706
3642	707
3854	708
7839	709
5053	710
7077	711
7835	712
4889	713
329	714
7023	715
8279	716
4301	717
5501	718
378	719
418	720
4926	721
1531	722
878	723
6273	724
6213	725
9200	726
5149	727
6384	728
8923	729
637	730
7611	731
1145	732
7944	733
2887	734
8587	735
6016	736
4385	737
2133	738
945	739
4485	740
8414	741
8667	742
4146	743
432	744
9443	745
623	746
397	747
8403	748
2316	749
9013	750
6449	751
3088	752
4252	753
1551	754
93	755
579	756
5456	757
2827	758
3038	759
5377	760
7967	761
5811	762
9715	763
3739	764
5049	765
904	766
8627	767
9845	768
6907	769
743	770
5394	771
8257	772
4051	773
4548	774
4232	775
9769	776
2084	777
7965	778
7792	779
5884	780
5582	781
1341	782
1563	783
2513	784
3925	785
744	786
6169	787
2237	788
4597	789
2144	790
8402	791
4337	792
7430	793
1649	794
3179	795
8461	796
6627	797
9717	798
5874	799
5269	800
8943	801
9213	802
2290	803
250	804
1987	805
6467	806
5839	807
6454	808
1420	809
3479	810
4007	811
2091	812
2942	813
703	814
8192	815
5036	816
4412	817
9607	818
9382	819
8079	820
8693	821
361	822
2906	823
4715	824
3354	825
4401	826
9106	827
8162	828
4353	829
5311	830
2228	831
9765	832
3417	833
9903	834
8747	835
7026	836
8132	837
1441	838
5605	839
3758	840
9209	841
6333	842
5130	843
1792	844
753	845
6244	846
9371	847
5900	848
8318	849
4975	850
9891	851
6648	852
5423	853
4423	854
3068	855
2339	856
6438	857
6483	858
2198	859
311	860
23	861
3443	862
3692	863
5905	864
3157	865
5020	866
727	867
7696	868
9234	869
7511	870
6987	871
8583	872
6747	873
8597	874
6044	875
2270	876
6291	877
7883	878
14	879
2729	880
3485	881
1697	882
6485	883
8868	884
5649	885
4490	886
8432	887
8647	888
7343	889
7047	890
4424	891
1335	892
956	893
4954	894
7021	895
5781	896
6257	897
5296	898
9116	899
8748	900
1555	901
2769	902
1086	903
4115	904
777	905
7749	906
4254	907
7151	908
3114	909
2326	910
9639	911
7574	912
313	913
2104	914
9721	915
4841	916
810	917
6932	918
2538	919
9792	920
5637	921
3843	922
807	923
5677	924
263	925
8250	926
5146	927
6760	928
9354	929
494	930
8662	931
5248	932
9195	933
2852	934
1763	935
4185	936
2327	937
7480	938
9653	939
8812	940
3244	941
7510	942
7535	943
6023	944
8338	945
4333	946
5157	947
8932	948
1751	949
5087	950
9660	951
1282	952
3996	953
8829	954
9399	955
8588	956
7647	957
9061	958
8809	959
7315	960
6502	961
3435	962
7449	963
3349	964
1694	965
246	966
7246	967
874	968
738	969
1149	970
5285	971
8706	972
9266	973
9936	974
6657	975
6413	976
8988	977
1979	978
7520	979
1675	980
1313	981
6776	982
4042	983
7779	984
2668	985
7953	986
5366	987
7512	988
219	989
4543	990
5793	991
2987	992
4096	993
1888	994
7738	995
4482	996
7719	997
1482	998
6994	999
281	1000
8306	1001
5267	1002
3083	1003
5632	1004
8413	1005
8572	1006
4508	1007
5862	1008
1614	1009
3804	1010
12	1011
7176	1012
8457	1013
8036	1014
1591	1015
6810	1016
2622	1017
1049	1018
2272	1019
2502	1020
7885	1021
9183	1022
8880	1023
5280	1024
1506	1025
8714	1026
8443	1027
6979	1028
8242	1029
1433	1030
376	1031
764	1032
2713	1033
8405	1034
662	1035
8832	1036
673	1037
2395	1038
4239	1039
7189	1040
5852	1041
2597	1042
4289	1043
9709	1044
8152	1045
9347	1046
6559	1047
1596	1048
9391	1049
7506	1050
9864	1051
8625	1052
8260	1053
814	1054
381	1055
8491	1056
7828	1057
26	1058
7068	1059
3835	1060
6350	1061
9273	1062
773	1063
4897	1064
2136	1065
6344	1066
9713	1067
9806	1068
2419	1069
3389	1070
9643	1071
3880	1072
2265	1073
3620	1074
4478	1075
42	1076
7723	1077
66	1078
2747	1079
7919	1080
7600	1081
7283	1082
657	1083
9453	1084
7269	1085
6194	1086
7977	1087
5813	1088
5209	1089
5101	1090
5051	1091
1895	1092
490	1093
1999	1094
8134	1095
3655	1096
3965	1097
1891	1098
895	1099
573	1100
3602	1101
4358	1102
7179	1103
434	1104
1868	1105
7056	1106
2656	1107
4467	1108
7347	1109
1004	1110
1696	1111
8617	1112
524	1113
671	1114
3520	1115
9448	1116
5221	1117
3497	1118
141	1119
8979	1120
3747	1121
2612	1122
4587	1123
2566	1124
2528	1125
1937	1126
1244	1127
7605	1128
9201	1129
4827	1130
6740	1131
5266	1132
741	1133
5550	1134
3393	1135
8121	1136
4024	1137
9199	1138
939	1139
6320	1140
6590	1141
9885	1142
9458	1143
6589	1144
1329	1145
9081	1146
4994	1147
2593	1148
6749	1149
5692	1150
8030	1151
8376	1152
7631	1153
5799	1154
552	1155
791	1156
8907	1157
6109	1158
3515	1159
5004	1160
349	1161
3172	1162
6026	1163
1657	1164
302	1165
8660	1166
316	1167
478	1168
6911	1169
2429	1170
8734	1171
1838	1172
9288	1173
2071	1174
7624	1175
1453	1176
2690	1177
8475	1178
2718	1179
6808	1180
9009	1181
6258	1182
4053	1183
2004	1184
4362	1185
6407	1186
9094	1187
9315	1188
7184	1189
8167	1190
8420	1191
9098	1192
4708	1193
7443	1194
9093	1195
4258	1196
8319	1197
9198	1198
5986	1199
5110	1200
1262	1201
9378	1202
6594	1203
8018	1204
672	1205
2073	1206
6028	1207
8000	1208
5386	1209
7832	1210
4621	1211
2848	1212
5137	1213
1967	1214
8127	1215
9244	1216
2609	1217
2732	1218
3493	1219
7437	1220
4552	1221
3397	1222
6211	1223
1632	1224
8308	1225
8499	1226
3528	1227
9549	1228
5767	1229
4622	1230
1884	1231
2746	1232
3382	1233
8071	1234
5187	1235
5570	1236
6217	1237
268	1238
5806	1239
3619	1240
9374	1241
3633	1242
3499	1243
3543	1244
7008	1245
548	1246
6012	1247
5825	1248
7368	1249
388	1250
7922	1251
7134	1252
1508	1253
5019	1254
4811	1255
9836	1256
3930	1257
1075	1258
3189	1259
2340	1260
393	1261
4495	1262
2764	1263
8179	1264
288	1265
5795	1266
5306	1267
9794	1268
6601	1269
6822	1270
5532	1271
5325	1272
9454	1273
3168	1274
2961	1275
2286	1276
5378	1277
9026	1278
9758	1279
1703	1280
3792	1281
7006	1282
2010	1283
3266	1284
6784	1285
3063	1286
4073	1287
8174	1288
3729	1289
366	1290
6145	1291
8247	1292
1306	1293
8005	1294
9805	1295
2723	1296
5694	1297
3918	1298
5640	1299
2341	1300
4036	1301
2832	1302
383	1303
4933	1304
2268	1305
6440	1306
9679	1307
3712	1308
1705	1309
2461	1310
4925	1311
3687	1312
2891	1313
2050	1314
9699	1315
5606	1316
6890	1317
9848	1318
4375	1319
3745	1320
9908	1321
9855	1322
4728	1323
5574	1324
240	1325
1369	1326
8842	1327
4104	1328
8219	1329
6774	1330
408	1331
6339	1332
6644	1333
8864	1334
9734	1335
5231	1336
6700	1337
9841	1338
3871	1339
5127	1340
9954	1341
4559	1342
820	1343
4532	1344
1170	1345
7476	1346
7487	1347
7911	1348
6233	1349
9326	1350
3072	1351
9122	1352
4336	1353
1175	1354
7580	1355
2170	1356
3303	1357
8075	1358
815	1359
3482	1360
9818	1361
2759	1362
861	1363
6493	1364
7739	1365
5547	1366
1600	1367
6520	1368
2380	1369
7303	1370
9657	1371
239	1372
7808	1373
5253	1374
2168	1375
8223	1376
4256	1377
2831	1378
5918	1379
2543	1380
8264	1381
5914	1382
8160	1383
5357	1384
7244	1385
659	1386
4237	1387
6618	1388
6453	1389
5971	1390
7997	1391
1062	1392
7721	1393
892	1394
8817	1395
2457	1396
1130	1397
2964	1398
1185	1399
9405	1400
4847	1401
3921	1402
9139	1403
5708	1404
5109	1405
2486	1406
9835	1407
1635	1408
1016	1409
6162	1410
8144	1411
785	1412
5407	1413
7484	1414
3786	1415
6985	1416
9747	1417
4501	1418
7626	1419
9880	1420
3111	1421
2056	1422
2171	1423
3583	1424
1395	1425
72	1426
8275	1427
9569	1428
1761	1429
365	1430
4207	1431
2174	1432
1658	1433
218	1434
8320	1435
9449	1436
6409	1437
1965	1438
5466	1439
3509	1440
6964	1441
8534	1442
4632	1443
3989	1444
7257	1445
6526	1446
6733	1447
7747	1448
7360	1449
6845	1450
7070	1451
7606	1452
6986	1453
7330	1454
5432	1455
8732	1456
5730	1457
4838	1458
2719	1459
8303	1460
5824	1461
928	1462
7178	1463
8031	1464
8131	1465
2771	1466
2393	1467
7628	1468
4235	1469
5679	1470
9047	1471
6662	1472
6728	1473
2565	1474
9224	1475
2783	1476
2149	1477
1648	1478
6173	1479
345	1480
3029	1481
1038	1482
7094	1483
916	1484
2357	1485
348	1486
6558	1487
5560	1488
1687	1489
7776	1490
5944	1491
3879	1492
2478	1493
781	1494
8255	1495
2158	1496
9300	1497
4958	1498
4938	1499
9546	1500
8012	1501
7495	1502
2868	1503
200	1504
2574	1505
3962	1506
7248	1507
9906	1508
2752	1509
1053	1510
6428	1511
1173	1512
3367	1513
9280	1514
7289	1515
3456	1516
4993	1517
101	1518
8977	1519
6898	1520
303	1521
1445	1522
3769	1523
8865	1524
3527	1525
557	1526
284	1527
1129	1528
7419	1529
9471	1530
5009	1531
6441	1532
5118	1533
497	1534
3240	1535
6381	1536
7979	1537
5718	1538
2678	1539
7205	1540
2336	1541
2872	1542
1727	1543
9705	1544
2493	1545
3799	1546
5142	1547
8918	1548
6343	1549
2706	1550
7261	1551
4995	1552
3212	1553
3611	1554
3291	1555
2695	1556
9760	1557
9576	1558
7530	1559
1	1560
2841	1561
1530	1562
7157	1563
9907	1564
2684	1565
2033	1566
2348	1567
4411	1568
7182	1569
31	1570
6628	1571
2542	1572
9032	1573
7109	1574
1281	1575
2649	1576
8481	1577
3208	1578
6510	1579
92	1580
5609	1581
4	1582
1674	1583
4850	1584
6983	1585
848	1586
6679	1587
1950	1588
7787	1589
2063	1590
9749	1591
9624	1592
6675	1593
8931	1594
2796	1595
6906	1596
3206	1597
4446	1598
2048	1599
7625	1600
9389	1601
9207	1602
8831	1603
4453	1604
8742	1605
7308	1606
6570	1607
9175	1608
2046	1609
8184	1610
9321	1611
3554	1612
3754	1613
5583	1614
2203	1615
9513	1616
6174	1617
2980	1618
554	1619
881	1620
1249	1621
7757	1622
2007	1623
4397	1624
850	1625
8299	1626
9238	1627
3270	1628
9550	1629
2400	1630
849	1631
721	1632
3150	1633
1683	1634
473	1635
9861	1636
3652	1637
6464	1638
8523	1639
7818	1640
5342	1641
7825	1642
4630	1643
833	1644
3668	1645
1001	1646
273	1647
3923	1648
4103	1649
5943	1650
6170	1651
3481	1652
9625	1653
2965	1654
2878	1655
5653	1656
7701	1657
8756	1658
8438	1659
4413	1660
9735	1661
742	1662
8946	1663
1710	1664
8914	1665
2490	1666
8324	1667
9423	1668
716	1669
114	1670
4765	1671
178	1672
6114	1673
1134	1674
7706	1675
5293	1676
1650	1677
8921	1678
4151	1679
768	1680
2627	1681
208	1682
9142	1683
2177	1684
5431	1685
8926	1686
8045	1687
7812	1688
9264	1689
6812	1690
5120	1691
8919	1692
5449	1693
9100	1694
6215	1695
3249	1696
6751	1697
3059	1698
725	1699
9262	1700
4481	1701
8678	1702
2358	1703
7514	1704
936	1705
5877	1706
4496	1707
2794	1708
3560	1709
6671	1710
6818	1711
1565	1712
279	1713
7166	1714
2447	1715
7132	1716
7380	1717
8589	1718
5517	1719
9633	1720
695	1721
1666	1722
8498	1723
8715	1724
2936	1725
5784	1726
7904	1727
3495	1728
4640	1729
3709	1730
7010	1731
8969	1732
8268	1733
7218	1734
4984	1735
4720	1736
3961	1737
9257	1738
959	1739
5390	1740
8284	1741
7482	1742
3919	1743
7160	1744
4244	1745
759	1746
4830	1747
8232	1748
7045	1749
3366	1750
4310	1751
1407	1752
7206	1753
6265	1754
2075	1755
9673	1756
1055	1757
1606	1758
6014	1759
9929	1760
4216	1761
8290	1762
8669	1763
596	1764
3922	1765
2169	1766
943	1767
3390	1768
5406	1769
6900	1770
2360	1771
6527	1772
7746	1773
1489	1774
6451	1775
6272	1776
69	1777
3899	1778
6588	1779
7406	1780
526	1781
5440	1782
6730	1783
6514	1784
9212	1785
8044	1786
2975	1787
4193	1788
1578	1789
9404	1790
9611	1791
3061	1792
331	1793
7617	1794
1241	1795
7470	1796
20	1797
1539	1798
5940	1799
3935	1800
2424	1801
877	1802
8140	1803
2503	1804
2321	1805
3122	1806
4903	1807
3409	1808
2038	1809
4654	1810
6908	1811
4011	1812
5001	1813
328	1814
3464	1815
2953	1816
5998	1817
9811	1818
9773	1819
4046	1820
5408	1821
1989	1822
7755	1823
5886	1824
7036	1825
2283	1826
7172	1827
7567	1828
4477	1829
4523	1830
1144	1831
39	1832
6058	1833
9130	1834
5003	1835
1260	1836
7167	1837
4971	1838
6400	1839
5814	1840
9290	1841
4018	1842
6607	1843
7327	1844
1323	1845
4807	1846
2616	1847
3537	1848
6852	1849
6230	1850
4779	1851
9530	1852
6430	1853
5283	1854
7932	1855
1478	1856
8673	1857
1216	1858
6693	1859
5942	1860
5937	1861
8017	1862
7860	1863
8736	1864
9604	1865
7829	1866
5720	1867
972	1868
7393	1869
531	1870
9333	1871
2900	1872
826	1873
8882	1874
8395	1875
155	1876
684	1877
5879	1878
2544	1879
1109	1880
1385	1881
212	1882
3911	1883
7114	1884
5855	1885
9158	1886
3151	1887
7571	1888
368	1889
7385	1890
1678	1891
751	1892
5033	1893
9878	1894
2691	1895
8679	1896
9661	1897
3221	1898
4061	1899
2	1900
4936	1901
6263	1902
8798	1903
7173	1904
9320	1905
8885	1906
1343	1907
295	1908
5823	1909
2522	1910
3027	1911
3420	1912
4064	1913
483	1914
1754	1915
7033	1916
2078	1917
7517	1918
8580	1919
706	1920
4560	1921
4078	1922
2645	1923
7960	1924
6745	1925
3845	1926
9934	1927
5633	1928
4148	1929
7710	1930
4283	1931
9274	1932
5122	1933
1475	1934
9148	1935
3846	1936
949	1937
4853	1938
6278	1939
7975	1940
921	1941
714	1942
4793	1943
6318	1944
1025	1945
6331	1946
7677	1947
9635	1948
8469	1949
6875	1950
8051	1951
3095	1952
7294	1953
6546	1954
4052	1955
3698	1956
5562	1957
7942	1958
6634	1959
6800	1960
9618	1961
6876	1962
5618	1963
2489	1964
5281	1965
6271	1966
7007	1967
7800	1968
4759	1969
8823	1970
6686	1971
8048	1972
801	1973
9395	1974
4738	1975
4311	1976
1105	1977
5760	1978
6814	1979
643	1980
7507	1981
9	1982
6110	1983
6729	1984
6178	1985
7669	1986
6033	1987
1691	1988
7558	1989
3811	1990
7593	1991
1305	1992
8619	1993
3233	1994
8492	1995
7689	1996
3530	1997
7080	1998
9121	1999
7823	2000
9947	2001
6295	2002
6998	2003
6412	2004
2909	2005
4135	2006
8722	2007
976	2008
7227	2009
8582	2010
9838	2011
5012	2012
3766	2013
2871	2014
1312	2015
2054	2016
8808	2017
2061	2018
5452	2019
7103	2020
8740	2021
496	2022
2745	2023
2976	2024
981	2025
207	2026
4410	2027
5525	2028
5124	2029
852	2030
7387	2031
2482	2032
9028	2033
2950	2034
3938	2035
9951	2036
4111	2037
6928	2038
8684	2039
5250	2040
6236	2041
9046	2042
5608	2043
4649	2044
9512	2045
3857	2046
1417	2047
9539	2048
812	2049
6897	2050
7445	2051
9003	2052
86	2053
5849	2054
3663	2055
7328	2056
6242	2057
9485	2058
3533	2059
2710	2060
9215	2061
3521	2062
8721	2063
31	2064
8728	2065
2214	2066
5344	2067
9882	2068
4919	2069
7305	2070
372	2071
8364	2072
6553	2073
3153	2074
722	2075
2363	2076
5007	2077
4645	2078
5513	2079
8249	2080
5044	2081
4509	2082
6605	2083
4751	2084
8672	2085
5607	2086
8009	2087
7129	2088
3780	2089
8640	2090
6074	2091
6902	2092
3632	2093
370	2094
3946	2095
7104	2096
5958	2097
2894	2098
2834	2099
2556	2100
8173	2101
1074	2102
4200	2103
2990	2104
2302	2105
8915	2106
4174	2107
3948	2108
608	2109
9649	2110
1391	2111
4506	2112
9745	2113
4864	2114
2057	2115
1780	2116
7978	2117
1266	2118
2124	2119
465	2120
6640	2121
4836	2122
5979	2123
7326	2124
2753	2125
3030	2126
7946	2127
4131	2128
3247	2129
1766	2130
3385	2131
3795	2132
2680	2133
9827	2134
7451	2135
16	2136
6750	2137
5672	2138
958	2139
4676	2140
2914	2141
8610	2142
6447	2143
340	2144
8536	2145
4464	2146
201	2147
287	2148
4584	2149
7307	2150
4526	2151
2465	2152
2041	2153
8206	2154
79	2155
6010	2156
7190	2157
8252	2158
4724	2159
4255	2160
4525	2161
7793	2162
100	2163
1013	2164
4709	2165
7058	2166
5731	2167
4931	2168
3124	2169
8368	2170
3848	2171
6190	2172
1898	2173
2810	2174
4039	2175
4198	2176
3109	2177
7335	2178
9341	2179
4510	2180
4848	2181
847	2182
8895	2183
7379	2184
2621	2185
1452	2186
2362	2187
3175	2188
2096	2189
7475	2190
2240	2191
1882	2192
7966	2193
7732	2194
7374	2195
2999	2196
7208	2197
1307	2198
9008	2199
292	2200
7275	2201
8484	2202
5153	2203
9233	2204
6056	2205
5349	2206
5039	2207
7012	2208
5662	2209
9466	2210
2012	2211
8468	2212
7546	2213
5829	2214
8852	2215
5140	2216
5159	2217
7534	2218
4773	2219
1793	2220
6674	2221
8301	2222
4752	2223
8356	2224
3483	2225
4513	2226
8198	2227
7640	2228
2384	2229
9865	2230
9312	2231
3577	2232
4350	2233
3886	2234
3073	2235
5040	2236
9074	2237
8246	2238
5050	2239
8235	2240
6805	2241
330	2242
193	2243
4607	2244
2527	2245
9800	2246
8891	2247
9419	2248
3468	2249
4365	2250
5581	2251
3623	2252
2200	2253
128	2254
5928	2255
2687	2256
7064	2257
760	2258
2849	2259
6155	2260
7171	2261
5338	2262
7140	2263
510	2264
1676	2265
8369	2266
3733	2267
280	2268
9777	2269
4665	2270
3828	2271
1223	2272
9928	2273
7133	2274
7500	2275
8731	2276
5246	2277
5188	2278
3421	2279
3599	2280
3254	2281
5023	2282
780	2283
8114	2284
1899	2285
169	2286
211	2287
5864	2288
9292	2289
3070	2290
7900	2291
2683	2292
1577	2293
6990	2294
4511	2295
9351	2296
2551	2297
9307	2298
6602	2299
7276	2300
7644	2301
7066	2302
2730	2303
6699	2304
3621	2305
1148	2306
4095	2307
9821	2308
806	2309
787	2310
2051	2311
9283	2312
5397	2313
1623	2314
2801	2315
8733	2316
5523	2317
2808	2318
6163	2319
1513	2320
5773	2321
4780	2322
5222	2323
1864	2324
2201	2325
5947	2326
6476	2327
5017	2328
9905	2329
9720	2330
1629	2331
4631	2332
7390	2333
9909	2334
9483	2335
2295	2336
6171	2337
9118	2338
1686	2339
8557	2340
3998	2341
7589	2342
7691	2343
3258	2344
3262	2345
7237	2346
1400	2347
4932	2348
8182	2349
6153	2350
5133	2351
5134	2352
5782	2353
9246	2354
2726	2355
9598	2356
8773	2357
5272	2358
1063	2359
1348	2360
9104	2361
977	2362
1618	2363
8145	2364
2390	2365
7139	2366
6789	2367
5985	2368
506	2369
4867	2370
8061	2371
3908	2372
4620	2373
2703	2374
9317	2375
1496	2376
476	2377
4956	2378
9632	2379
1309	2380
7635	2381
8393	2382
603	2383
5686	2384
3220	2385
5358	2386
4274	2387
3818	2388
6834	2389
2557	2390
1310	2391
841	2392
2005	2393
2669	2394
8974	2395
1663	2396
6160	2397
5370	2398
555	2399
8691	2400
927	2401
3507	2402
6965	2403
45	2404
8107	2405
8997	2406
6461	2407
6019	2408
9605	2409
8654	2410
3505	2411
8902	2412
1438	2413
1541	2414
602	2415
6307	2416
3573	2417
8406	2418
7810	2419
5980	2420
2143	2421
872	2422
3905	2423
2376	2424
6338	2425
9846	2426
3928	2427
1611	2428
9583	2429
4389	2430
9515	2431
5987	2432
9066	2433
8770	2434
6255	2435
7000	2436
5878	2437
4718	2438
8963	2439
9185	2440
1209	2441
9044	2442
5749	2443
3398	2444
4860	2445
515	2446
5598	2447
5398	2448
6863	2449
1054	2450
2030	2451
389	2452
4497	2453
451	2454
2978	2455
6227	2456
1770	2457
4243	2458
8735	2459
3582	2460
5832	2461
3170	2462
3549	2463
3884	2464
4119	2465
1808	2466
3192	2467
7538	2468
6470	2469
5527	2470
9886	2471
4879	2472
6096	2473
6095	2474
2180	2475
6696	2476
3326	2477
2389	2478
8871	2479
4638	2480
5704	2481
6638	2482
978	2483
1880	2484
6523	2485
2637	2486
9870	2487
4623	2488
6831	2489
6005	2490
4161	2491
660	2492
3912	2493
474	2494
7384	2495
5961	2496
2988	2497
8521	2498
5557	2499
2584	2500
6970	2501
6116	2502
7528	2503
8897	2504
3980	2505
5908	2506
3755	2507
9874	2508
3894	2509
6460	2510
1118	2511
4967	2512
8086	2513
565	2514
1325	2515
9232	2516
6000	2517
8096	2518
8215	2519
3830	2520
3653	2521
1803	2522
4041	2523
6066	2524
2385	2525
9887	2526
2592	2527
4697	2528
599	2529
6150	2530
5643	2531
3033	2532
7509	2533
9181	2534
1034	2535
6710	2536
6139	2537
7575	2538
9438	2539
8987	2540
3213	2541
152	2542
7279	2543
1116	2544
6763	2545
8555	2546
2382	2547
2202	2548
2221	2549
6369	2550
7864	2551
7763	2552
1043	2553
576	2554
4292	2555
647	2556
6616	2557
4416	2558
6347	2559
8910	2560
7698	2561
6568	2562
4387	2563
7658	2564
9507	2565
7838	2566
9205	2567
9226	2568
343	2569
6646	2570
9429	2571
8265	2572
3763	2573
4493	2574
4614	2575
4763	2576
7424	2577
6185	2578
9621	2579
6422	2580
7682	2581
8550	2582
9926	2583
6623	2584
2083	2585
2636	2586
9619	2587
2768	2588
7730	2589
5584	2590
6408	2591
9775	2592
689	2593
4905	2594
5654	2595
3713	2596
4684	2597
9427	2598
9651	2599
5229	2600
1	2601
6781	2602
8792	2603
1619	2604
2134	2605
5567	2606
4930	2607
2248	2608
6352	2609
9043	2610
6838	2611
7019	2612
4455	2613
8822	2614
7740	2615
4868	2616
2344	2617
1377	2618
3383	2619
1044	2620
6498	2621
8554	2622
1481	2623
396	2624
8258	2625
1505	2626
6620	2627
5906	2628
4901	2629
1366	2630
6152	2631
2760	2632
858	2633
1278	2634
4418	2635
8530	2636
8696	2637
4425	2638
3259	2639
2655	2640
4821	2641
3085	2642
486	2643
5931	2644
3707	2645
6656	2646
4741	2647
9578	2648
6721	2649
7163	2650
8021	2651
2289	2652
1760	2653
4268	2654
4265	2655
3008	2656
2883	2657
2066	2658
9401	2659
3513	2660
5185	2661
9186	2662
5516	2663
6456	2664
2598	2665
1153	2666
5315	2667
7425	2668
7972	2669
4668	2670
5896	2671
2886	2672
2546	2673
7737	2674
3667	2675
8644	2676
9809	2677
1795	2678
319	2679
604	2680
1371	2681
1056	2682
7950	2683
6555	2684
8430	2685
9923	2686
9062	2687
4892	2688
9541	2689
119	2690
6055	2691
8228	2692
8082	2693
543	2694
3140	2695
2483	2696
5491	2697
9859	2698
1643	2699
6920	2700
7148	2701
9636	2702
6275	2703
8568	2704
1753	2705
6717	2706
4628	2707
4796	2708
3644	2709
2155	2710
2659	2711
9872	2712
2750	2713
5506	2714
4950	2715
3502	2716
3625	2717
4093	2718
4100	2719
6989	2720
4913	2721
9386	2722
9804	2723
6548	2724
405	2725
1597	2726
7655	2727
859	2728
7673	2729
188	2730
8002	2731
7241	2732
3362	2733
6245	2734
1776	2735
4257	2736
3014	2737
3241	2738
7226	2739
9533	2740
564	2741
6132	2742
4503	2743
5064	2744
4619	2745
5332	2746
1604	2747
1603	2748
9593	2749
3086	2750
2245	2751
1	2752
9517	2753
7602	2754
4343	2755
5685	2756
5901	2757
6761	2758
3510	2759
691	2760
4089	2761
9392	2762
3524	2763
234	2764
2047	2765
3847	2766
5098	2767
8578	2768
5504	2769
9242	2770
1021	2771
8665	2772
4183	2773
8556	2774
1983	2775
8810	2776
4269	2777
9601	2778
3130	2779
4084	2780
2836	2781
7192	2782
4199	2783
4037	2784
2125	2785
9746	2786
3494	2787
4440	2788
1645	2789
3875	2790
7956	2791
9634	2792
1878	2793
7405	2794
7494	2795
6124	2796
1885	2797
4316	2798
5503	2799
5129	2800
6458	2801
7820	2802
1378	2803
5363	2804
7984	2805
3327	2806
13	2807
2765	2808
7088	2809
1259	2810
5897	2811
3062	2812
6149	2813
7665	2814
3280	2815
8023	2816
2773	2817
1027	2818
6592	2819
6937	2820
4031	2821
3302	2822
1073	2823
8781	2824
8327	2825
7342	2826
7063	2827
102	2828
7684	2829
7826	2830
5559	2831
3018	2832
5945	2833
1860	2834
2002	2835
9964	2836
9608	2837
7654	2838
5013	2839
99	2840
840	2841
5899	2842
558	2843
6972	2844
8049	2845
7378	2846
2165	2847
7011	2848
618	2849
8695	2850
8147	2851
4795	2852
190	2853
8153	2854
796	2855
4201	2856
5174	2857
4012	2858
9949	2859
4786	2860
7751	2861
6867	2862
9844	2863
5789	2864
5977	2865
3506	2866
105	2867
4377	2868
278	2869
5226	2870
6564	2871
9408	2872
7127	2873
5891	2874
5563	2875
2318	2876
6617	2877
4918	2878
3649	2879
8429	2880
1483	2881
27	2882
1410	2883
1045	2884
2338	2885
6573	2886
9697	2887
6511	2888
2386	2889
9256	2890
6484	2891
6195	2892
630	2893
5904	2894
5244	2895
6130	2896
5539	2897
8777	2898
2251	2899
3132	2900
2167	2901
6221	2902
9714	2903
9350	2904
2347	2905
157	2906
3813	2907
40	2908
1711	2909
4790	2910
4364	2911
4692	2912
2113	2913
5783	2914
3591	2915
4943	2916
4940	2917
9691	2918
2666	2919
2487	2920
414	2921
8561	2922
3369	2923
540	2924
4529	2925
6282	2926
9420	2927
9421	2928
7284	2929
5441	2930
3010	2931
1749	2932
3787	2933
401	2934
7786	2935
3338	2936
4261	2937
4541	2938
9089	2939
3096	2940
13	2941
2793	2942
8827	2943
1162	2944
9528	2945
5880	2946
1667	2947
8859	2948
7413	2949
7052	2950
6239	2951
4145	2952
4475	2953
2881	2954
6240	2955
6777	2956
4875	2957
529	2958
4121	2959
5865	2960
6284	2961
8434	2962
6322	2963
5808	2964
1743	2965
7156	2966
6410	2967
7211	2968
619	2969
5592	2970
4086	2971
5857	2972
8889	2973
6626	2974
4322	2975
7923	2976
4172	2977
4059	2978
2055	2979
1609	2980
2182	2981
3310	2982
9927	2983
4067	2984
1060	2985
1644	2986
1322	2987
569	2988
373	2989
8259	2990
7657	2991
2704	2992
2199	2993
8205	2994
4173	2995
4373	2996
5200	2997
3648	2998
96	2999
2739	3000
7754	3001
9754	3002
7954	3003
5294	3004
237	3005
1089	3006
7020	3007
3036	3008
4317	3009
3032	3010
1554	3011
4398	3012
3678	3013
9768	3014
3544	3015
479	3016
8793	3017
8328	3018
440	3019
5524	3020
9600	3021
8285	3022
3762	3023
7409	3024
8227	3025
9075	3026
4149	3027
1521	3028
9363	3029
5876	3030
9282	3031
8488	3032
6509	3033
4833	3034
8325	3035
8540	3036
7952	3037
4063	3038
2060	3039
5627	3040
2939	3041
4700	3042
9394	3043
7320	3044
8186	3045
8040	3046
3824	3047
1356	3048
8681	3049
5716	3050
8973	3051
87	3052
7359	3053
9642	3054
5785	3055
5252	3056
1742	3057
3205	3058
4886	3059
6423	3060
8818	3061
6061	3062
6141	3063
2499	3064
363	3065
4565	3066
5682	3067
7149	3068
1010	3069
6297	3070
3231	3071
4825	3072
8512	3073
1546	3074
6184	3075
7541	3076
8084	3077
1125	3078
3816	3079
7471	3080
1777	3081
8454	3082
7987	3083
752	3084
445	3085
184	3086
5553	3087
8089	3088
1490	3089
1234	3090
685	3091
6782	3092
6051	3093
3856	3094
3297	3095
9564	3096
7877	3097
1123	3098
2561	3099
1404	3100
5850	3101
4356	3102
7124	3103
9499	3104
8819	3105
8685	3106
2582	3107
3627	3108
5648	3109
7062	3110
784	3111
5949	3112
545	3113
7862	3114
5794	3115
7469	3116
7857	3117
5791	3118
5037	3119
3992	3120
467	3121
8920	3122
4346	3123
192	3124
2241	3125
125	3126
2233	3127
1970	3128
6104	3129
9025	3130
7524	3131
1037	3132
8971	3133
9416	3134
9403	3135
4917	3136
1328	3137
6820	3138
5841	3139
2711	3140
4955	3141
7459	3142
1383	3143
9096	3144
3888	3145
3197	3146
6034	3147
2152	3148
8034	3149
2692	3150
979	3151
6793	3152
7099	3153
932	3154
4742	3155
5156	3156
4399	3157
6744	3158
5593	3159
5521	3160
6540	3161
7128	3162
1064	3163
2176	3164
1752	3165
9562	3166
3525	3167
5807	3168
953	3169
6415	3170
153	3171
6947	3172
804	3173
5425	3174
7928	3175
2264	3176
162	3177
7551	3178
8796	3179
8559	3180
135	3181
5510	3182
1303	3183
1058	3184
4851	3185
2252	3186
5382	3187
7339	3188
8961	3189
3449	3190
9875	3191
194	3192
6068	3193
2762	3194
965	3195
6802	3196
8855	3197
8022	3198
9552	3199
2285	3200
91	3201
2213	3202
6306	3203
5790	3204
2141	3205
4248	3206
18	3207
4361	3208
8917	3209
5934	3210
851	3211
3376	3212
5796	3213
5520	3214
7607	3215
1289	3216
4634	3217
1397	3218
6973	3219
2902	3220
7408	3221
8525	3222
5192	3223
9523	3224
7924	3225
7053	3226
8471	3227
4871	3228
867	3229
7382	3230
3429	3231
980	3232
6957	3233
5361	3234
3987	3235
1589	3236
4799	3237
1024	3238
3017	3239
420	3240
8940	3241
9542	3242
6953	3243
5512	3244
4906	3245
9475	3246
5778	3247
5803	3248
9468	3249
7492	3250
5042	3251
3801	3252
5411	3253
214	3254
456	3255
6207	3256
3235	3257
2196	3258
8638	3259
1669	3260
6799	3261
90	3262
6368	3263
7005	3264
5860	3265
6161	3266
6032	3267
9772	3268
3455	3269
9628	3270
6533	3271
4885	3272
2231	3273
8150	3274
6698	3275
2599	3276
5005	3277
6385	3278
1474	3279
2026	3280
5346	3281
6933	3282
8711	3283
1230	3284
2912	3285
3553	3286
6543	3287
6847	3288
6647	3289
4324	3290
6466	3291
1573	3292
7736	3293
5821	3294
8353	3295
1425	3296
8579	3297
3542	3298
4279	3299
5620	3300
4246	3301
2472	3302
5691	3303
8514	3304
501	3305
2388	3306
3478	3307
6537	3308
2110	3309
338	3310
4550	3311
8629	3312
1467	3313
4390	3314
8015	3315
9036	3316
8278	3317
3216	3318
5352	3319
8425	3320
1388	3321
6556	3322
521	3323
8103	3324
1379	3325
3576	3326
3680	3327
30	3328
4094	3329
8821	3330
1781	3331
9711	3332
3246	3333
7841	3334
1994	3335
4305	3336
8890	3337
9957	3338
1978	3339
2875	3340
7350	3341
4308	3342
4113	3343
7025	3344
4288	3345
6735	3346
2940	3347
367	3348
3681	3349
4190	3350
4835	3351
1286	3352
1904	3353
8046	3354
6292	3355
6144	3356
4898	3357
4312	3358
5554	3359
5768	3360
6319	3361
9169	3362
772	3363
344	3364
5443	3365
3407	3366
4370	3367
8261	3368
7974	3369
4579	3370
44	3371
7780	3372
2497	3373
9617	3374
3945	3375
9755	3376
4298	3377
7346	3378
902	3379
6494	3380
264	3381
6129	3382
8302	3383
7225	3384
6459	3385
9702	3386
8459	3387
127	3388
6963	3389
8380	3390
3467	3391
7108	3392
8623	3393
2820	3394
3825	3395
6625	3396
55	3397
3282	3398
6304	3399
2123	3400
1399	3401
3815	3402
8765	3403
1108	3404
9436	3405
5976	3406
6780	3407
5873	3408
7304	3409
5085	3410
5858	3411
1773	3412
1218	3413
6126	3414
6512	3415
6383	3416
2468	3417
1552	3418
3404	3419
9915	3420
9012	3421
3901	3422
4937	3423
7170	3424
7568	3425
1627	3426
6722	3427
5826	3428
513	3429
8941	3430
8188	3431
1723	3432
9884	3433
1689	3434
1680	3435
9314	3436
2204	3437
4054	3438
6712	3439
3252	3440
8505	3441
9132	3442
2404	3443
5788	3444
248	3445
176	3446
7280	3447
3237	3448
5804	3449
8830	3450
5664	3451
2911	3452
7656	3453
2116	3454
7836	3455
9808	3456
6980	3457
7726	3458
3985	3459
3984	3460
6962	3461
6062	3462
435	3463
9227	3464
7	3465
594	3466
277	3467
4736	3468
511	3469
5018	3470
4431	3471
2022	3472
35	3473
9790	3474
62	3475
265	3476
5502	3477
5496	3478
7526	3479
3434	3480
1480	3481
3394	3482
8513	3483
8570	3484
2608	3485
1704	3486
942	3487
8478	3488
7921	3489
4582	3490
6739	3491
296	3492
3718	3493
1460	3494
2560	3495
2375	3496
4798	3497
4744	3498
7652	3499
2205	3500
8603	3501
3351	3502
4281	3503
864	3504
6584	3505
9656	3506
8157	3507
663	3508
7491	3509
2501	3510
8768	3511
3683	3512
6849	3513
7996	3514
2324	3515
6175	3516
713	3517
3990	3518
6378	3519
6988	3520
2767	3521
8072	3522
7971	3523
4963	3524
6732	3525
9581	3526
5216	3527
6935	3528
5493	3529
6817	3530
5585	3531
3312	3532
3581	3533
8549	3534
1852	3535
1724	3536
437	3537
3863	3538
6346	3539
4363	3540
2532	3541
6280	3542
3658	3543
9731	3544
290	3545
1461	3546
1272	3547
187	3548
6330	3549
7203	3550
5528	3551
8834	3552
1308	3553
3768	3554
2139	3555
2874	3556
9778	3557
9797	3558
7412	3559
2471	3560
6186	3561
19	3562
2586	3563
1331	3564
9571	3565
8613	3566
1845	3567
7968	3568
591	3569
6031	3570
9586	3571
7927	3572
132	3573
3531	3574
1523	3575
5385	3576
7442	3577
8204	3578
1405	3579
5476	3580
8633	3581
2957	3582
856	3583
6630	3584
8129	3585
7834	3586
4803	3587
5276	3588
2019	3589
1772	3590
9840	3591
3471	3592
7187	3593
4603	3594
2979	3595
2828	3596
9556	3597
2809	3598
6619	3599
6135	3600
1196	3601
4530	3602
9561	3603
1846	3604
4536	3605
6450	3606
5997	3607
4368	3608
2578	3609
5035	3610
428	3611
5754	3612
5537	3613
7756	3614
4259	3615
8093	3616
8110	3617
3574	3618
1068	3619
712	3620
6528	3621
4069	3622
3357	3623
6373	3624
758	3625
5758	3626
6703	3627
2137	3628
3866	3629
182	3630
819	3631
6020	3632
968	3633
9289	3634
3228	3635
9896	3636
4515	3637
2756	3638
2255	3639
1122	3640
1207	3641
8310	3642
9547	3643
1913	3644
6595	3645
6279	3646
1473	3647
1267	3648
7429	3649
4062	3650
1416	3651
1501	3652
7643	3653
7199	3654
3929	3655
8033	3656
7930	3657
7912	3658
1990	3659
5676	3660
9736	3661
4781	3662
8815	3663
4083	3664
3121	3665
2475	3666
9450	3667
3183	3668
8122	3669
5330	3670
1487	3671
5271	3672
4524	3673
8726	3674
12	3675
4275	3676
4518	3677
8014	3678
4764	3679
3000	3680
9287	3681
1695	3682
7585	3683
5887	3684
992	3685
5125	3686
6097	3687
3596	3688
2971	3689
4068	3690
7217	3691
7577	3692
5735	3693
8674	3694
3415	3695
391	3696
9249	3697
8609	3698
4460	3699
3379	3700
254	3701
5043	3702
9816	3703
880	3704
9662	3705
8001	3706
8119	3707
5729	3708
4703	3709
6198	3710
3158	3711
2355	3712
984	3713
4865	3714
9125	3715
9165	3716
3807	3717
7564	3718
270	3719
2234	3720
7569	3721
7030	3722
598	3723
3697	3724
8976	3725
8423	3726
3299	3727
624	3728
8591	3729
7145	3730
6519	3731
6491	3732
8312	3733
8995	3734
6635	3735
1432	3736
8460	3737
4179	3738
909	3739
2246	3740
7194	3741
7981	3742
2215	3743
571	3744
4223	3745
600	3746
7875	3747
5289	3748
5395	3749
944	3750
699	3751
7918	3752
3891	3753
1353	3754
6842	3755
4178	3756
8876	3757
4122	3758
4500	3759
9726	3760
5688	3761
6072	3762
9407	3763
1512	3764
2958	3765
8	3766
5379	3767
7183	3768
5068	3769
7420	3770
1292	3771
4167	3772
1448	3773
6232	3774
3864	3775
9710	3776
2934	3777
5660	3778
2847	3779
6600	3780
8585	3781
7295	3782
6326	3783
827	3784
9796	3785
8630	3786
1511	3787
9851	3788
7452	3789
481	3790
1293	3791
766	3792
6960	3793
607	3794
6758	3795
7032	3796
3819	3797
4396	3798
7356	3799
9022	3800
2352	3801
5552	3802
1569	3803
2628	3804
2664	3805
6508	3806
6289	3807
6547	3808
2685	3809
9602	3810
9938	3811
998	3812
5724	3813
8752	3814
8794	3815
8856	3816
4988	3817
7859	3818
2121	3819
2101	3820
4952	3821
9477	3822
7845	3823
6529	3824
6103	3825
300	3826
8608	3827
5460	3828
5459	3829
5736	3830
5071	3831
2374	3832
8220	3833
4221	3834
5220	3835
5278	3836
1318	3837
1624	3838
7553	3839
8500	3840
7894	3841
6829	3842
9548	3843
3802	3844
6118	3845
2717	3846
2397	3847
5538	3848
2784	3849
6121	3850
7460	3851
3319	3852
6868	3853
2845	3854
7973	3855
2800	3856
994	3857
5756	3858
2163	3859
6844	3860
8165	3861
4678	3862
4492	3863
3772	3864
8431	3865
427	3866
871	3867
4991	3868
324	3869
9301	3870
1437	3871
2951	3872
1873	3873
7801	3874
3586	3875
85	3876
3887	3877
7830	3878
1714	3879
686	3880
2660	3881
8758	3882
2889	3883
7159	3884
6673	3885
8452	3886
3348	3887
1620	3888
621	3889
7782	3890
4171	3891
1434	3892
2662	3893
1235	3894
5903	3895
504	3896
6587	3897
297	3898
1096	3899
5230	3900
6081	3901
3676	3902
4058	3903
2984	3904
5292	3905
8194	3906
6237	3907
8867	3908
4778	3909
1564	3910
2986	3911
2634	3912
9877	3913
5815	3914
6075	3915
9230	3916
4704	3917
8631	3918
6433	3919
9303	3920
937	3921
6312	3922
8763	3923
5820	3924
1046	3925
8516	3926
5757	3927
6752	3928
1082	3929
4577	3930
4147	3931
8507	3932
5511	3933
7774	3934
7695	3935
4572	3936
8039	3937
2741	3938
8467	3939
5171	3940
8595	3941
6054	3942
7489	3943
8357	3944
5339	3945
2249	3946
9276	3947
421	3948
8351	3949
9570	3950
2658	3951
2734	3952
4505	3953
2349	3954
3138	3955
309	3956
8271	3957
4814	3958
1131	3959
3730	3960
5218	3961
8211	3962
7699	3963
1829	3964
7481	3965
5207	3966
3869	3967
3714	3968
177	3969
3601	3970
1243	3971
9825	3972
4013	3973
3645	3974
788	3975
1952	3976
7038	3977
3413	3978
2825	3979
443	3980
4045	3981
1831	3982
3785	3983
7152	3984
9377	3985
242	3986
1263	3987
5141	3988
9339	3989
6287	3990
2602	3991
9114	3992
8594	3993
5034	3994
3426	3995
2864	3996
1179	3997
9810	3998
9833	3999
1000	4000
9744	4001
7259	4002
8836	4003
3087	4004
5907	4005
8699	4006
3082	4007
7137	4008
7709	4009
2819	4010
4520	4011
1834	4012
9577	4013
4032	4014
7653	4015
9373	4016
1280	4017
7887	4018
4680	4019
7629	4020
5047	4021
5391	4022
4755	4023
9802	4024
2931	4025
4808	4026
6332	4027
8934	4028
8100	4029
4162	4030
5237	4031
8524	4032
9823	4033
4402	4034
6530	4035
1587	4036
4824	4037
3	4038
1269	4039
3046	4040
4556	4041
682	4042
6156	4043
1631	4044
3353	4045
3941	4046
4637	4047
5197	4048
5498	4049
6796	4050
4384	4051
3120	4052
1928	4053
28	4054
9868	4055
8383	4056
8473	4057
3427	4058
7784	4059
9344	4060
4570	4061
541	4062
3913	4063
1866	4064
6098	4065
1721	4066
6966	4067
9417	4068
6522	4069
1157	4070
4023	4071
7488	4072
9554	4073
6474	4074
4737	4075
6609	4076
2441	4077
8764	4078
1271	4079
7446	4080
3635	4081
5225	4082
7848	4083
8398	4084
7565	4085
9770	4086
8826	4087
360	4088
6583	4089
1413	4090
6475	4091
3486	4092
1924	4093
537	4094
8663	4095
6552	4096
9627	4097
9108	4098
6045	4099
8801	4100
556	4101
3750	4102
5210	4103
8542	4104
1607	4105
5508	4106
3717	4107
8426	4108
4419	4109
468	4110
4881	4111
6349	4112
6223	4113
9573	4114
9876	4115
7377	4116
9216	4117
6672	4118
7986	4119
2018	4120
2998	4121
6001	4122
7678	4123
3969	4124
3827	4125
4076	4126
1141	4127
1142	4128
5367	4129
10	4130
2420	4131
133	4132
3265	4133
3190	4134
4951	4135
1516	4136
6913	4137
7516	4138
4758	4139
6743	4140
6827	4141
4912	4142
8861	4143
8248	4144
4302	4145
7937	4146
4066	4147
5300	4148
5437	4149
9944	4150
7990	4151
8928	4152
3105	4153
1374	4154
4642	4155
8571	4156
5710	4157
4270	4158
5698	4159
121	4160
5919	4161
3304	4162
8074	4163
8543	4164
9766	4165
215	4166
6574	4167
3159	4168
7216	4169
1822	4170
1685	4171
6262	4172
1585	4173
2311	4174
2473	4175
3422	4176
6903	4177
9946	4178
7131	4179
6571	4180
9202	4181
5644	4182
8909	4183
4278	4184
5733	4185
9176	4186
6550	4187
6479	4188
5726	4189
2564	4190
2369	4191
4187	4192
5145	4193
8354	4194
5399	4195
6015	4196
3081	4197
6779	4198
3982	4199
7334	4200
9629	4201
3047	4202
6022	4203
6825	4204
6007	4205
3967	4206
5038	4207
7116	4208
9445	4209
7769	4210
5845	4211
3169	4212
3128	4213
3378	4214
4683	4215
6040	4216
7220	4217
2109	4218
3391	4219
14	4220
8295	4221
9480	4222
1409	4223
7632	4224
3222	4225
4486	4226
9688	4227
5438	4228
4426	4229
3516	4230
9342	4231
1132	4232
1712	4233
8938	4234
7962	4235
1450	4236
1762	4237
9129	4238
5725	4239
5770	4240
7292	4241
5622	4242
1119	4243
4883	4244
8377	4245
1699	4246
5474	4247
645	4248
108	4249
9237	4250
7674	4251
8313	4252
2903	4253
7381	4254
4021	4255
4231	4256
9039	4257
4473	4258
2410	4259
963	4260
6557	4261
8399	4262
4964	4263
3419	4264
9126	4265
1277	4266
6253	4267
8218	4268
1510	4269
6285	4270
9099	4271
4436	4272
2414	4273
9277	4274
130	4275
3260	4276
9686	4277
8300	4278
5193	4279
3636	4280
2443	4281
1150	4282
7389	4283
8483	4284
5445	4285
168	4286
7503	4287
9128	4288
6037	4289
8493	4290
5016	4291
3110	4292
7041	4293
9616	4294
4070	4295
5364	4296
7970	4297
3224	4298
7473	4299
6294	4300
6737	4301
9534	4302
516	4303
4437	4304
2494	4305
6944	4306
2727	4307
3116	4308
3317	4309
6801	4310
3333	4311
317	4312
1339	4313
109	4314
4729	4315
9508	4316
3392	4317
4465	4318
4540	4319
3075	4320
3817	4321
1733	4322
1679	4323
1321	4324
2353	4325
6959	4326
7980	4327
2899	4328
7566	4329
3001	4330
3631	4331
8054	4332
4491	4333
7683	4334
5235	4335
6925	4336
4056	4337
9248	4338
415	4339
7853	4340
747	4341
3896	4342
770	4343
449	4344
5917	4345
3454	4346
8754	4347
886	4348
3332	4349
4706	4350
4033	4351
3600	4352
380	4353
7926	4354
6182	4355
1114	4356
8869	4357
9654	4358
5347	4359
2552	4360
4586	4361
6725	4362
3368	4363
41	4364
9133	4365
2431	4366
5738	4367
5454	4368
4403	4369
8437	4370
6862	4371
2540	4372
2415	4373
2164	4374
2278	4375
7882	4376
8787	4377
2439	4378
1035	4379
1571	4380
2673	4381
4578	4382
2092	4383
1181	4384
8253	4385
9680	4386
4564	4387
1653	4388
5996	4389
2027	4390
7268	4391
9597	4392
2067	4393
9958	4394
2835	4395
9689	4396
5343	4397
3217	4398
2120	4399
1047	4400
6238	4401
9390	4402
5076	4403
7929	4404
3236	4405
4222	4406
2821	4407
9396	4408
5713	4409
7274	4410
3234	4411
2885	4412
5215	4413
5094	4414
2210	4415
5530	4416
6377	4417
530	4418
3162	4419
9381	4420
9000	4421
9340	4422
9336	4423
9119	4424
8062	4425
5822	4426
2095	4427
1248	4428
6094	4429
4247	4430
7042	4431
6534	4432
1069	4433
9803	4434
6100	4435
6390	4436
9153	4437
5111	4438
4776	4439
7270	4440
8820	4441
3155	4442
8782	4443
912	4444
8243	4445
9520	4446
230	4447
2035	4448
9414	4449
3322	4450
2416	4451
4266	4452
8128	4453
6281	4454
1233	4455
4081	4456
289	4457
9149	4458
8968	4459
680	4460
1735	4461
4819	4462
7263	4463
2529	4464
3740	4465
9742	4466
2154	4467
103	4468
7039	4469
2681	4470
5181	4471
1945	4472
1439	4473
4456	4474
1732	4475
1008	4476
8	4477
3957	4478
7597	4479
4132	4480
514	4481
5566	4482
5201	4483
3732	4484
5264	4485
6591	4486
2492	4487
1198	4488
3019	4489
7415	4490
7201	4491
2292	4492
1200	4493
648	4494
8668	4495
5544	4496
2585	4497
3210	4498
5308	4499
9925	4500
7902	4501
4400	4502
4010	4503
2779	4504
5121	4505
7061	4506
6206	4507
2526	4508
8042	4509
3264	4510
6621	4511
2631	4512
9473	4513
3380	4514
2287	4515
7209	4516
2594	4517
9310	4518
8575	4519
7842	4520
1030	4521
2686	4522
6503	4523
9050	4524
2151	4525
8374	4526
6105	4527
9591	4528
9228	4529
7256	4530
7891	4531
1992	4532
9799	4533
8913	4534
5743	4535
38	4536
9444	4537
2114	4538
106	4539
8024	4540
8185	4541
5689	4542
9146	4543
9893	4544
7999	4545
6977	4546
8047	4547
6704	4548
1396	4549
9029	4550
9786	4551
3686	4552
1930	4553
3077	4554
9834	4555
5326	4556
4015	4557
7797	4558
8187	4559
9493	4560
5975	4561
2206	4562
9500	4563
8694	4564
429	4565
1002	4566
1944	4567
1186	4568
4154	4569
231	4570
6622	4571
5869	4572
4079	4573
7002	4574
9433	4575
2781	4576
7837	4577
5312	4578
359	4579
6180	4580
2667	4581
1429	4582
7850	4583
8448	4584
1716	4585
6819	4586
1488	4587
5666	4588
5542	4589
3399	4590
8800	4591
967	4592
3966	4593
4450	4594
9254	4595
1451	4596
2677	4597
997	4598
3584	4599
3529	4600
7539	4601
3968	4602
8449	4603
2930	4604
7595	4605
8789	4606
1948	4607
5184	4608
1677	4609
3119	4610
6969	4611
5846	4612
2207	4613
71	4614
6769	4615
7771	4616
7641	4617
5699	4618
7251	4619
1090	4620
782	4621
9348	4622
4210	4623
1372	4624
8641	4625
7907	4626
5628	4627
3199	4628
2322	4629
5817	4630
5693	4631
2812	4632
4922	4633
7401	4634
140	4635
9424	4636
2500	4637
1654	4638
692	4639
241	4640
1625	4641
7548	4642
2644	4643
5353	4644
616	4645
6786	4646
1759	4647
8539	4648
8043	4649
4598	4650
9585	4651
3256	4652
9565	4653
7910	4654
7015	4655
458	4656
3261	4657
9018	4658
326	4659
4659	4660
5077	4661
1071	4662
6205	4663
1973	4664
5164	4665
825	4666
7436	4667
3500	4668
2446	4669
9916	4670
2515	4671
9163	4672
4689	4673
2308	4674
6860	4675
6463	4676
3749	4677
1449	4678
7802	4679
9700	4680
8637	4681
6691	4682
9428	4683
5541	4684
5234	4685
3215	4686
1959	4687
6888	4688
3171	4689
3174	4690
8180	4691
8541	4692
8581	4693
4213	4694
4567	4695
1317	4696
1794	4697
2731	4698
5088	4699
1210	4700
4057	4701
8090	4702
3324	4703
6891	4704
8190	4705
3834	4706
5104	4707
4722	4708
2893	4709
6997	4710
8315	4711
7403	4712
1903	4713
1576	4714
8358	4715
5587	4716
7082	4717
354	4718
7583	4719
475	4720
6329	4721
8474	4722
9759	4723
2778	4724
8841	4725
633	4726
3074	4727
1840	4728
1203	4729
6404	4730
484	4731
6481	4732
9592	4733
5417	4734
739	4735
2531	4736
6036	4737
8877	4738
4727	4739
3994	4740
553	4741
9384	4742
4857	4743
4812	4744
8892	4745
5737	4746
7714	4747
7111	4748
9847	4749
1976	4750
8344	4751
7076	4752
4327	4753
8840	4754
4341	4755
3131	4756
5401	4757
8680	4758
3009	4759
2815	4760
4372	4761
8774	4762
216	4763
4321	4764
1659	4765
1319	4766
3034	4767
3226	4768
3909	4769
7154	4770
3803	4771
966	4772
7101	4773
3004	4774
2097	4775
5211	4776
8606	4777
9820	4778
8807	4779
3067	4780
597	4781
9873	4782
8400	4783
3597	4784
4391	4785
8614	4786
2506	4787
1477	4788
3831	4789
9694	4790
305	4791
4512	4792
3441	4793
9479	4794
1455	4795
8893	4796
8900	4797
5148	4798
5368	4799
1326	4800
9120	4801
1985	4802
535	4803
9857	4804
1476	4805
8573	4806
6767	4807
8520	4808
7705	4809
9899	4810
2179	4811
8901	4812
7252	4813
488	4814
2859	4815
3617	4816
2853	4817
3557	4818
3425	4819
559	4820
7531	4821
4420	4822
8769	4823
3097	4824
1337	4825
9741	4826
8949	4827
227	4828
301	4829
5447	4830
5665	4831
2082	4832
9304	4833
1003	4834
2996	4835
2589	4836
6821	4837
3377	4838
5661	4839
7097	4840
1334	4841
9924	4842
2638	4843
2947	4844
4463	4845
1964	4846
8480	4847
1943	4848
58	4849
5161	4850
1079	4851
5717	4852
7175	4853
7427	4854
6416	4855
3135	4856
4286	4857
95	4858
9361	4859
9491	4860
8276	4861
9041	4862
7868	4863
1137	4864
7318	4865
171	4866
4176	4867
6086	4868
9087	4869
9204	4870
853	4871
533	4872
3428	4873
5334	4874
1535	4875
3209	4876
2455	4877
6807	4878
6125	4879
276	4880
7612	4881
3950	4882
334	4883
5217	4884
1018	4885
7791	4886
920	4887
6340	4888
9854	4889
8189	4890
3472	4891
508	4892
8569	4893
6567	4894
5075	4895
7219	4896
6480	4897
5100	4898
5213	4899
9167	4900
6038	4901
7559	4902
8370	4903
1456	4904
9536	4905
9566	4906
7031	4907
7688	4908
6517	4909
1896	4910
7087	4911
6936	4912
7028	4913
5031	4914
2309	4915
5062	4916
5723	4917
4869	4918
8845	4919
7266	4920
8028	4921
3741	4922
3781	4923
6246	4924
6551	4925
3436	4926
21	4927
5565	4928
7713	4929
6536	4930
5706	4931
1479	4932
8847	4933
2728	4934
8463	4935
5721	4936
5898	4937
9637	4938
3719	4939
3238	4940
1215	4941
3444	4942
4686	4943
1851	4944
3136	4945
9684	4946
2106	4947
8375	4948
1636	4949
1188	4950
8055	4951
1599	4952
7903	4953
7861	4954
7869	4955
5388	4956
4019	4957
5095	4958
2983	4959
4580	4960
7827	4961
2653	4962
7529	4963
3706	4964
1423	4965
2371	4966
1442	4967
3423	4968
3997	4969
5540	4970
925	4971
9704	4972
1012	4973
4788	4974
21	4975
1224	4976
8135	4977
5319	4978
6572	4979
1818	4980
7376	4981
2740	4982
6220	4983
6002	4984
3682	4985
7591	4986
7428	4987
3702	4988
4366	4989
1660	4990
5960	4991
3881	4992
1841	4993
7212	4994
8006	4995
5439	4996
7365	4997
5929	4998
28	4999
6123	5000
2159	5001
2712	5002
4896	5003
2269	5004
3779	5005
2111	5006
2661	5007
1367	5008
7872	5009
2118	5010
9740	5011
7998	5012
6926	5013
7311	5014
3810	5015
9160	5016
5509	5017
5835	5018
9079	5019
4462	5020
9514	5021
2754	5022
8659	5023
3488	5024
6181	5025
5933	5026
11	5027
161	5028
790	5029
3361	5030
1804	5031
197	5032
6563	5033
7916	5034
7686	5035
653	5036
9647	5037
1202	5038
4817	5039
9589	5040
3093	5041
7725	5042
7816	5043
350	5044
8341	5045
9337	5046
4026	5047
7435	5048
710	5049
3721	5050
7809	5051
2688	5052
6359	5053
4087	5054
2413	5055
1779	5056
1093	5057
8136	5058
5972	5059
4747	5060
1855	5061
6633	5062
4989	5063
6978	5064
1342	5065
5302	5066
9646	5067
2676	5068
1217	5069
2135	5070
3853	5071
1422	5072
4325	5073
7659	5074
2219	5075
7781	5076
8311	5077
4428	5078
8274	5079
9397	5080
3020	5081
5981	5082
4725	5083
893	5084
431	5085
8661	5086
8378	5087
6488	5088
8362	5089
1939	5090
3293	5091
9638	5092
3188	5093
2381	5094
7014	5095
5882	5096
2481	5097
7584	5098
7493	5099
356	5100
4997	5101
8360	5102
8904	5103
8273	5104
9729	5105
6286	5106
2477	5107
7588	5108
8166	5109
6586	5110
917	5111
7299	5112
9739	5113
3118	5114
986	5115
2985	5116
6021	5117
1499	5118
7321	5119
5303	5120
9034	5121
776	5122
1440	5123
9055	5124
9644	5125
3416	5126
3986	5127
4890	5128
1801	5129
4549	5130
6154	5131
3005	5132
5335	5133
617	5134
6191	5135
9387	5136
3566	5137
3677	5138
9021	5139
3469	5140
7249	5141
3356	5142
9042	5143
3219	5144
8381	5145
9933	5146
2933	5147
2242	5148
5957	5149
5481	5150
7811	5151
4303	5152
6414	5153
1919	5154
3180	5155
8288	5156
3498	5157
6268	5158
5112	5159
4449	5160
4357	5161
8183	5162
1830	5163
8648	5164
9839	5165
5132	5166
9370	5167
789	5168
544	5169
844	5170
8628	5171
5189	5172
455	5173
4227	5174
1726	5175
1540	5176
724	5177
5597	5178
6949	5179
9631	5180
9011	5181
4685	5182
2250	5183
2437	5184
9830	5185
8161	5186
7120	5187
4351	5188
4639	5189
2816	5190
180	5191
5239	5192
460	5193
9210	5194
9366	5195
7694	5196
6541	5197
9917	5198
1731	5199
5063	5200
9439	5201
7742	5202
8332	5203
8797	5204
4672	5205
5992	5206
808	5207
2559	5208
6418	5209
4469	5210
3991	5211
4818	5212
3403	5213
6938	5214
4429	5215
951	5216
8231	5217
8611	5218
9488	5219
3281	5220
4939	5221
3791	5222
1121	5223
5787	5224
7543	5225
3412	5226
2313	5227
7712	5228
8479	5229
8066	5230
8690	5231
77	5232
7983	5233
6492	5234
9626	5235
883	5236
7715	5237
4670	5238
3630	5239
9815	5240
8649	5241
5204	5242
7542	5243
5946	5244
7112	5245
7146	5246
7613	5247
8287	5248
8783	5249
7700	5250
8331	5251
5263	5252
1562	5253
3628	5254
9152	5255
3102	5256
7645	5257
4787	5258
5761	5259
1912	5260
1786	5261
4048	5262
3445	5263
9255	5264
6082	5265
8091	5266
54	5267
6871	5268
6193	5269
3650	5270
3139	5271
5392	5272
2068	5273
745	5274
7964	5275
7941	5276
6685	5277
6724	5278
392	5279
1946	5280
731	5281
7648	5282
4441	5283
4542	5284
4407	5285
6140	5286
2650	5287
3011	5288
2839	5289
7843	5290
9376	5291
3547	5292
7540	5293
9271	5294
8334	5295
8511	5296
146	5297
7545	5298
2392	5299
5580	5300
2368	5301
2320	5302
7017	5303
4662	5304
6950	5305
7752	5306
1161	5307
7562	5308
1613	5309
2044	5310
3975	5311
890	5312
8983	5313
6505	5314
1414	5315
8236	5316
2946	5317
668	5318
3833	5319
3463	5320
1092	5321
3693	5322
7601	5323
8113	5324
6861	5325
3503	5326
7410	5327
6896	5328
1729	5329
5983	5330
7254	5331
4590	5332
2705	5333
6316	5334
347	5335
1542	5336
8441	5337
4731	5338
4404	5339
974	5340
6128	5341
5483	5342
2904	5343
8155	5344
9622	5345
9031	5346
8254	5347
56	5348
8929	5349
2699	5350
1738	5351
5202	5352
8738	5353
9095	5354
4809	5355
4777	5356
7136	5357
4862	5358
7242	5359
8632	5360
6642	5361
6919	5362
9814	5363
7084	5364
8671	5365
5746	5366
9092	5367
7676	5368
1113	5369
3313	5370
3612	5371
7375	5372
9948	5373
3883	5374
3661	5375
6201	5376
7731	5377
1017	5378
5925	5379
2262	5380
9461	5381
3080	5382
8944	5383
3558	5384
9319	5385
5777	5386
362	5387
7587	5388
2923	5389
4675	5390
4791	5391
6490	5392
9474	5393
1833	5394
5837	5395
4141	5396
5409	5397
8850	5398
2436	5399
1015	5400
9866	5401
5336	5402
7265	5403
7717	5404
6981	5405
1817	5406
749	5407
4693	5408
934	5409
7557	5410
4698	5411
9258	5412
3782	5413
6107	5414
5890	5415
9456	5416
1538	5417
9141	5418
7245	5419
3898	5420
8709	5421
8509	5422
1220	5423
1701	5424
7866	5425
1177	5426
48	5427
8251	5428
6219	5429
6604	5430
142	5431
6471	5432
2402	5433
4025	5434
1182	5435
341	5436
641	5437
24	5438
1330	5439
9412	5440
4568	5441
3358	5442
9462	5443
6833	5444
2788	5445
4829	5446
7016	5447
6222	5448
860	5449
8566	5450
4188	5451
253	5452
4139	5453
795	5454
9659	5455
1285	5456
5684	5457
9858	5458
5809	5459
8951	5460
7522	5461
8522	5462
271	5463
74	5464
9912	5465
9422	5466
688	5467
2968	5468
6667	5469
2102	5470
4484	5471
5119	5472
2689	5473
2604	5474
3433	5475
4546	5476
2629	5477
4158	5478
5356	5479
4629	5480
6631	5481
8916	5482
9194	5483
7054	5484
570	5485
8642	5486
1528	5487
4735	5488
5136	5489
8366	5490
8846	5491
185	5492
9708	5493
4233	5494
797	5495
6009	5496
1788	5497
1333	5498
4714	5499
3618	5500
9683	5501
5046	5502
2537	5503
2440	5504
1471	5505
6166	5506
838	5507
7798	5508
1823	5509
6507	5510
7085	5511
3134	5512
5254	5513
5259	5514
8745	5515
5429	5516
3365	5517
2938	5518
5894	5519
3563	5520
4005	5521
2696	5522
7300	5523
3567	5524
5772	5525
3587	5526
5223	5527
4002	5528
4003	5529
915	5530
4949	5531
3949	5532
9579	5533
582	5534
2724	5535
2966	5536
4734	5537
1344	5538
5131	5539
8750	5540
3290	5541
167	5542
6251	5543
8670	5544
9614	5545
7018	5546
8993	5547
8116	5548
4112	5549
5962	5550
3342	5551
1836	5552
7490	5553
6992	5554
1197	5555
8653	5556
6077	5557
6148	5558
4583	5559
9060	5560
4291	5561
2021	5562
2432	5563
1287	5564
2626	5565
8372	5566
3664	5567
1026	5568
3430	5569
5848	5570
7290	5571
9889	5572
5268	5573
3079	5574
6204	5575
7496	5576
7884	5577
845	5578
9184	5579
5752	5580
6406	5581
7336	5582
4960	5583
3089	5584
1428	5585
2284	5586
9144	5587
5435	5588
9178	5589
7561	5590
3820	5591
9764	5592
3963	5593
433	5594
9240	5595
8760	5596
3242	5597
312	5598
2725	5599
5309	5600
1574	5601
7873	5602
913	5603
2682	5604
4732	5605
3387	5606
7165	5607
3447	5608
9774	5609
3401	5610
4230	5611
9762	5612
3512	5613
9398	5614
793	5615
4801	5616
7180	5617
9665	5618
4663	5619
9375	5620
4610	5621
5191	5622
2654	5623
9086	5624
6991	5625
6370	5626
5477	5627
5116	5628
4082	5629
7411	5630
5712	5631
6727	5632
2523	5633
9535	5634
4318	5635
1580	5636
9537	5637
4127	5638
3273	5639
1966	5640
5138	5641
2090	5642
4394	5643
3753	5644
6879	5645
3694	5646
23	5647
2282	5648
8191	5649
560	5650
590	5651
8436	5652
7463	5653
2330	5654
649	5655
9383	5656
7366	5657
1458	5658
581	5659
5763	5660
1029	5661
9	5662
4205	5663
6348	5664
8538	5665
3480	5666
7637	5667
2945	5668
7913	5669
1211	5670
4635	5671
8450	5672
8687	5673
7400	5674
3410	5675
5868	5676
7925	5677
8775	5678
2822	5679
9920	5680
6465	5681
8723	5682
5969	5683
3056	5684
1264	5685
5436	5686
6431	5687
6754	5688
5870	5689
1408	5690
5067	5691
9459	5692
4982	5693
3691	5694
583	5695
3263	5696
6716	5697
4650	5698
5195	5699
8477	5700
7223	5701
5369	5702
2858	5703
5420	5704
7563	5705
5002	5706
4657	5707
9776	5708
6387	5709
222	5710
419	5711
2434	5712
6112	5713
7071	5714
3770	5715
3360	5716
550	5717
1205	5718
6276	5719
3058	5720
2367	5721
9322	5722
3156	5723
818	5724
1536	5725
7150	5726
7743	5727
8702	5728
4080	5729
5212	5730
3943	5731
2797	5732
3149	5733
7448	5734
9442	5735
2818	5736
7197	5737
6302	5738
5955	5739
3211	5740
7513	5741
1778	5742
3629	5743
9510	5744
9783	5745
7733	5746
1107	5747
2568	5748
3012	5749
642	5750
4309	5751
6064	5752
4234	5753
9137	5754
5744	5755
6367	5756
9270	5757
2554	5758
3487	5759
6342	5760
6059	5761
3736	5762
8657	5763
1254	5764
3826	5765
947	5766
4575	5767
32	5768
6047	5769
173	5770
1138	5771
8404	5772
1160	5773
9053	5774
5228	5775
2291	5776
7525	5777
3761	5778
2588	5779
7288	5780
1670	5781
512	5782
3452	5783
2192	5784
6057	5785
7040	5786
6885	5787
4832	5788
6131	5789
9335	5790
462	5791
6133	5792
9867	5793
6788	5794
7764	5795
629	5796
1229	5797
9150	5798
1443	5799
6615	5800
3604	5801
6448	5802
1178	5803
5889	5804
5114	5805
1534	5806
9961	5807
971	5808
8330	5809
7444	5810
8485	5811
2016	5812
4644	5813
5853	5814
6952	5815
1268	5816
4017	5817
2913	5818
779	5819
3321	5820
8980	5821
1110	5822
4947	5823
5892	5824
9942	5825
6164	5826
4304	5827
3474	5828
8314	5829
3970	5830
9411	5831
1863	5832
8985	5833
9345	5834
266	5835
9945	5836
6859	5837
3371	5838
2840	5839
2298	5840
1373	5841
261	5842
935	5843
2937	5844
6084	5845
6165	5846
1446	5847
6836	5848
7901	5849
5727	5850
7598	5851
7777	5852
8099	5853
144	5854
1301	5855
1961	5856
7239	5857
5828	5858
3660	5859
5457	5860
2304	5861
6046	5862
256	5863
8097	5864
8208	5865
6477	5866
1051	5867
3852	5868
3230	5869
2672	5870
8607	5871
8643	5872
4716	5873
4335	5874
1993	5875
1871	5876
8703	5877
8515	5878
2342	5879
651	5880
4855	5881
2454	5882
9329	5883
8761	5884
1316	5885
75	5886
7079	5887
3395	5888
5571	5889
1725	5890
9575	5891
9610	5892
2148	5893
4282	5894
970	5895
5489	5896
9781	5897
5740	5898
2927	5899
5990	5900
2216	5901
5472	5902
3272	5903
2807	5904
7759	5905
7098	5906
8350	5907
2195	5908
5061	5909
3306	5910
9073	5911
4600	5912
8741	5913
1470	5914
4978	5915
9359	5916
7164	5917
1165	5918
6305	5919
6921	5920
7472	5921
9519	5922
4646	5923
2804	5924
7831	5925
2639	5926
2641	5927
5551	5928
3944	5929
2782	5930
7722	5931
9685	5932
3609	5933
1167	5934
4074	5935
1525	5936
5412	5937
5624	5938
4092	5939
4260	5940
7351	5941
644	5942
1251	5943
5927	5944
9832	5945
3640	5946
9278	5947
989	5948
4992	5949
6734	5950
3806	5951
2365	5952
2963	5953
2023	5954
9437	5955
8087	5956
8355	5957
5631	5958
6229	5959
1484	5960
854	5961
6310	5962
6212	5963
3889	5964
2606	5965
7035	5966
8639	5967
8791	5968
2548	5969
1019	5970
5875	5971
1273	5972
299	5973
8986	5974
2017	5975
9671	5976
9701	5977
6024	5978
52	5979
2280	5980
5659	5981
7069	5982
6677	5983
2076	5984
3575	5985
3084	5986
5556	5987
1897	5988
9415	5989
919	5990
1526	5991
3042	5992
4177	5993
8501	5994
9109	5995
6678	5996
3127	5997
6665	5998
5601	5999
3243	6000
2197	6001
8210	6002
1370	6003
4539	6004
5974	6005
2427	6006
4990	6007
6909	6008
4047	6009
7282	6010
2898	6011
7485	6012
275	6013
2642	6014
8558	6015
7945	6016
7668	6017
9355	6018
8262	6019
9231	6020
1745	6021
3708	6022
2806	6023
8785	6024
990	6025
6599	6026
7147	6027
8853	6028
8955	6029
1430	6030
3606	6031
2293	6032
2224	6033
4138	6034
8177	6035
7920	6036
3108	6037
4999	6038
5081	6039
595	6040
8057	6041
5451	6042
4427	6043
7181	6044
798	6045
3129	6046
2826	6047
7144	6048
910	6049
5232	6050
9568	6051
1662	6052
9862	6053
7329	6054
9472	6055
8348	6056
502	6057
424	6058
8564	6059
2394	6060
5568	6061
2545	6062
6315	6063
4175	6064
9695	6065
9648	6066
7119	6067
1375	6068
118	6069
6328	6070
2235	6071
4344	6072
7554	6073
5635	6074
2701	6075
3078	6076
3448	6077
3355	6078
7917	6079
471	6080
2277	6081
4320	6082
7396	6083
717	6084
7204	6085
1894	6086
7622	6087
2763	6088
191	6089
8677	6090
8064	6091
2166	6092
5797	6093
4770	6094
4359	6095
5988	6096
3742	6097
4116	6098
4050	6099
3572	6100
6830	6101
1684	6102
5647	6103
661	6104
5194	6105
2613	6106
9360	6107
5265	6108
4107	6109
8095	6110
8293	6111
461	6112
22	6113
4029	6114
9487	6115
5410	6116
5495	6117
8465	6118
2590	6119
5522	6120
2370	6121
761	6122
6489	6123
2549	6124
3978	6125
9171	6126
5742	6127
5359	6128
1813	6129
9888	6130
3031	6131
831	6132
6452	6133
7578	6134
3195	6135
2646	6136
4551	6137
9076	6138
2131	6139
1700	6140
2062	6141
9842	6142
1140	6143
1201	6144
6274	6145
9267	6146
3350	6147
3311	6148
3855	6149
5180	6150
9761	6151
8759	6152
3993	6153
7319	6154
9252	6155
8207	6156
2674	6157
6971	6158
5320	6159
8727	6160
8322	6161
318	6162
7291	6163
5840	6164
3045	6165
8013	6166
8067	6167
9498	6168
7344	6169
799	6170
5657	6171
1954	6172
8407	6173
2596	6174
9666	6175
2274	6176
1256	6177
2194	6178
9763	6179
2926	6180
9784	6181
8697	6182
2843	6183
3679	6184
828	6185
466	6186
4863	6187
5902	6188
283	6189
5000	6190
622	6191
6768	6192
7447	6193
4987	6194
896	6195
5172	6196
6127	6197
3144	6198
7672	6199
3	6200
336	6201
9732	6202
6580	6203
1824	6204
7519	6205
4612	6206
3690	6207
4677	6208
3363	6209
1934	6210
2708	6211
1876	6212
4381	6213
9771	6214
8451	6215
7915	6216
3710	6217
2193	6218
2014	6219
3178	6220
2442	6221
7102	6222
293	6223
802	6224
3473	6225
8382	6226
2276	6227
4137	6228
4329	6229
2530	6230
7253	6231
1447	6232
8962	6233
1376	6234
6641	6235
3126	6236
9002	6237
5011	6238
3546	6239
7371	6240
8881	6241
5097	6242
5403	6243
6668	6244
4499	6245
9054	6246
4981	6247
7474	6248
1977	6249
8908	6250
6856	6251
5485	6252
9582	6253
1707	6254
1630	6255
7262	6256
7024	6257
8656	6258
5519	6259
6065	6260
4805	6261
3330	6262
7048	6263
4444	6264
252	6265
3107	6266
8776	6267
7191	6268
7115	6269
7537	6270
2259	6271
5416	6272
4393	6273
4691	6274
7772	6275
2509	6276
1350	6277
1431	6278
6325	6279
6905	6280
384	6281
5448	6282
4224	6283
6984	6284
2460	6285
6018	6286
3344	6287
7277	6288
2770	6289
8618	6290
4150	6291
7117	6292
2449	6293
4300	6294
6865	6295
9272	6296
8860	6297
2428	6298
1080	6299
9364	6300
8596	6301
1859	6302
5404	6303
9325	6304
823	6305
4996	6306
7454	6307
6841	6308
5082	6309
7126	6310
4837	6311
2466	6312
6108	6313
7789	6314
4035	6315
3191	6316
9134	6317
5883	6318
8080	6319
1163	6320
7337	6321
4118	6322
2882	6323
8795	6324
70	6325
3522	6326
8814	6327
3340	6328
9727	6329
2505	6330
3671	6331
6366	6332
7421	6333
2462	6334
5155	6335
4547	6336
6873	6337
6070	6338
7123	6339
9110	6340
9502	6341
830	6342
2236	6343
6731	6344
10	6345
2435	6346
702	6347
5719	6348
950	6349
6999	6350
4554	6351
5093	6352
7879	6353
4594	6354
4766	6355
2243	6356
8933	6357
3098	6358
3890	6359
6756	6360
9308	6361
3878	6362
4916	6363
1033	6364
2973	6365
3956	6366
2227	6367
217	6368
4959	6369
410	6370
1560	6371
1923	6372
4910	6373
999	6374
8200	6375
3995	6376
3052	6377
6532	6378
7105	6379
9172	6380
5203	6381
6593	6382
8391	6383
3579	6384
4277	6385
899	6386
6079	6387
4618	6388
8076	6389
7504	6390
88	6391
8519	6392
6893	6393
5151	6394
4152	6395
6637	6396
1682	6397
9902	6398
4502	6399
4229	6400
7697	6401
1867	6402
6816	6403
2433	6404
9522	6405
9222	6406
3328	6407
3269	6408
4065	6409
676	6410
962	6411
6142	6412
308	6413
1925	6414
6473	6415
5630	6416
3065	6417
7867	6418
7286	6419
8419	6420
9145	6421
6469	6422
4745	6423
675	6424
5715	6425
8779	6426
3402	6427
7552	6428
8888	6429
8494	6430
2521	6431
6078	6432
5486	6433
7833	6434
5492	6435
2186	6436
8004	6437
4923	6438
6645	6439
1124	6440
4405	6441
7963	6442
6392	6443
3654	6444
1465	6445
5024	6446
923	6447
8373	6448
7604	6449
774	6450
3248	6451
1424	6452
8772	6453
4347	6454
8297	6455
9557	6456
5233	6457
7467	6458
4771	6459
8966	6460
8130	6461
9606	6462
1692	6463
4699	6464
4872	6465
2601	6466
6439	6467
2663	6468
5475	6469
995	6470
5487	6471
6197	6472
5993	6473
3514	6474
9332	6475
4452	6476
8240	6477
931	6478
6683	6479
1390	6480
5434	6481
5774	6482
5776	6483
3777	6484
4189	6485
7663	6486
2856	6487
196	6488
8705	6489
6405	6490
1889	6491
6578	6492
6545	6493
4276	6494
5092	6495
6711	6496
8982	6497
664	6498
6364	6499
7515	6500
1832	6501
4957	6502
2138	6503
2789	6504
7619	6505
4284	6506
9750	6507
2445	6508
3161	6509
2119	6510
1226	6511
229	6512
2541	6513
1932	6514
8767	6515
3637	6516
1592	6517
2811	6518
3492	6519
112	6520
7309	6521
3545	6522
1553	6523
164	6524
3187	6525
2281	6526
3812	6527
3408	6528
5881	6529
8636	6530
6951	6531
104	6532
3821	6533
3336	6534
8577	6535
1184	6536
5798	6537
1870	6538
5027	6539
8567	6540
9831	6541
5604	6542
1586	6543
5169	6544
8195	6545
5722	6546
9380	6547
4558	6548
4531	6549
4517	6550
6954	6551
4895	6552
2156	6553
4705	6554
5383	6555
2003	6556
8813	6557
730	6558
1250	6559
195	6560
9467	6561
9932	6562
7113	6563
996	6564
4882	6565
969	6566
8416	6567
5645	6568
6374	6569
7621	6570
2795	6571
5629	6572
6177	6573
7215	6574
6457	6575
8857	6576
1958	6577
9460	6578
2361	6579
9603	6580
5240	6581
5913	6582
3900	6583
1765	6584
7847	6585
7570	6586
3152	6587
9470	6588
5318	6589
4208	6590
4611	6591
3917	6592
2317	6593
5750	6594
4323	6595
5812	6596
6775	6597
4197	6598
3375	6599
8621	6600
952	6601
6538	6602
9911	6603
7618	6604
436	6605
7914	6606
2944	6607
9756	6608
7439	6609
7940	6610
5096	6611
4355	6612
7089	6613
5214	6614
1492	6615
9127	6616
7536	6617
6839	6618
4557	6619
9005	6620
224	6621
1005	6622
8848	6623
1382	6624
6539	6625
1245	6626
9151	6627
762	6628
8059	6629
646	6630
924	6631
9052	6632
4750	6633
3870	6634
5467	6635
233	6636
2665	6637
9965	6638
786	6639
4859	6640
6746	6641
9807	6642
9693	6643
1741	6644
5072	6645
9418	6646
6497	6647
5834	6648
7741	6649
9687	6650
9302	6651
6661	6652
9757	6653
4944	6654
1206	6655
8178	6656
5041	6657
9752	6658
9751	6659
1258	6660
5022	6661
4204	6662
775	6663
1332	6664
1133	6665
8272	6666
3794	6667
7760	6668
8712	6669
1166	6670
3759	6671
4271	6672
6562	6673
3716	6674
5074	6675
3657	6676
9501	6677
8169	6678
6092	6679
1962	6680
1647	6681
2031	6682
5663	6683
2185	6684
2755	6685
9879	6686
15	6687
3337	6688
1363	6689
9931	6690
615	6691
735	6692
2244	6693
8689	6694
2088	6695
2296	6696
6183	6697
25	6698
9871	6699
5107	6700
6042	6701
9299	6702
9822	6703
63	6704
3037	6705
1464	6706
2896	6707
2511	6708
5780	6709
2452	6710
5683	6711
9724	6712
4604	6713
5424	6714
5316	6715
6266	6716
8496	6717
9311	6718
4527	6719
5802	6720
8365	6721
8158	6722
5851	6723
1421	6724
5045	6725
4784	6726
2921	6727
3054	6728
3603	6729
5247	6730
5701	6731
3424	6732
487	6733
9192	6734
3735	6735
1527	6736
1050	6737
3808	6738
6499	6739
7260	6740
4626	6741
2633	6742
701	6743
8924	6744
8878	6745
650	6746
6362	6747
9722	6748
3331	6749
5951	6750
8586	6751
5245	6752
822	6753
5589	6754
6247	6755
7073	6756
2920	6757
5577	6758
6395	6759
8970	6760
6006	6761
1758	6762
1575	6763
8510	6764
1748	6765
5854	6766
1083	6767
5991	6768
5286	6769
2373	6770
9672	6771
1971	6772
9365	6773
1180	6774
6804	6775
5295	6776
2735	6777
2334	6778
3656	6779
8996	6780
3517	6781
6931	6782
7142	6783
5755	6784
5147	6785
1389	6786
2700	6787
3767	6788
3308	6789
2087	6790
1255	6791
4342	6792
6874	6793
9080	6794
5497	6795
3431	6796
652	6797
8989	6798
2077	6799
3800	6800
3906	6801
9837	6802
1655	6803
9895	6804
9692	6805
1616	6806
4297	6807
29	6808
2748	6809
6335	6810
9033	6811
8967	6812
6636	6813
5596	6814
3194	6815
9894	6816
8482	6817
7646	6818
1874	6819
1359	6820
3015	6821
3476	6822
7521	6823
6478	6824
7788	6825
4273	6826
2421	6827
4432	6828
1984	6829
2932	6830
4854	6831
1270	6832
5766	6833
593	6834
3760	6835
4194	6836
4521	6837
9551	6838
8397	6839
6955	6840
426	6841
8592	6842
5616	6843
2225	6844
413	6845
930	6846
5126	6847
6853	6848
983	6849
3115	6850
1972	6851
7361	6852
8517	6853
1572	6854
914	6855
3193	6856
7856	6857
22	6858
1225	6859
888	6860
6196	6861
6472	6862
1820	6863
1909	6864
6813	6865
5863	6866
720	6867
9243	6868
8992	6869
8713	6870
2802	6871
2749	6872
8446	6873
148	6874
3774	6875
1302	6876
9481	6877
6701	6878
2190	6879
294	6880
4713	6881
5393	6882
2053	6883
3364	6884
8092	6885
2335	6886
247	6887
6513	6888
536	6889
1361	6890
8790	6891
1747	6892
1297	6893
2129	6894
113	6895
3624	6896
3643	6897
7905	6898
2323	6899
1199	6900
6455	6901
9275	6902
60	6903
7616	6904
4085	6905
1828	6906
9594	6907
7555	6908
9085	6909
4409	6910
1115	6911
4408	6912
1081	6913
1790	6914
5350	6915
5805	6916
9953	6917
1862	6918
78	6919
3091	6920
1854	6921
7213	6922
3268	6923
4060	6924
3173	6925
4674	6926
3165	6927
654	6928
1151	6929
9196	6930
1612	6931
4946	6932
1324	6933
9753	6934
8394	6935
2069	6936
4202	6937
6870	6938
2774	6939
1728	6940
1238	6941
4164	6942
4487	6943
9509	6944
1940	6945
6363	6946
507	6947
8604	6948
6663	6949
4768	6950
2480	6951
3796	6952
8533	6953
5482	6954
1304	6955
3305	6956
8749	6957
2880	6958
1500	6959
2993	6960
2675	6961
1974	6962
9706	6963
2550	6964
2865	6965
7323	6966
5650	6967
2345	6968
5967	6969
5198	6970
2508	6971
3983	6972
3184	6973
6111	6974
8912	6975
3788	6976
8065	6977
3166	6978
635	6979
5610	6980
6425	6981
9620	6982
9663	6983
8664	6984
1601	6985
7855	6986
7027	6987
9057	6988
3771	6989
5920	6990
8956	6991
3893	6992
7675	6993
6277	6994
6071	6995
6922	6996
5687	6997
7231	6998
5935	6999
8948	7000
9738	7001
1494	7002
4160	7003
8730	7004
9492	7005
1734	7006
3590	7007
3829	7008
9112	7009
813	7010
8226	7011
3626	7012
5535	7013
6878	7014
5380	7015
1504	7016
5674	7017
7341	7018
1444	7019
2514	7020
5199	7021
2297	7022
1791	7023
3684	7024
7844	7025
3988	7026
5526	7027
7680	7028
6421	7029
8286	7030
5291	7031
2600	7032
3934	7033
9313	7034
1718	7035
4701	7036
7666	7037
7590	7038
9143	7039
8117	7040
1087	7041
3711	7042
3274	7043
9135	7044
4169	7045
7586	7046
6495	7047
8874	7048
9014	7049
6581	7050
4338	7051
4873	7052
9716	7053
4761	7054
3564	7055
5748	7056
9406	7057
1812	7058
2830	7059
9115	7060
3977	7061
2925	7062
6855	7063
7702	7064
3743	7065
9914	7066
8806	7067
5499	7068
1136	7069
9669	7070
6260	7071
7461	7072
7059	7073
2153	7074
6091	7075
8746	7076
8965	7077
1261	7078
4251	7079
5923	7080
225	7081
2870	7082
4371	7083
625	7084
1702	7085
4352	7086
8019	7087
1517	7088
9113	7089
2378	7090
8958	7091
8824	7092
2045	7093
7753	7094
7386	7095
9819	7096
1652	7097
480	7098
8998	7099
6993	7100
5163	7101
6429	7102
2581	7103
9574	7104
9558	7105
30	7106
6288	7107
1810	7108
4845	7109
5594	7110
8112	7111
5065	7112
285	7113
6017	7114
220	7115
5561	7116
4433	7117
6115	7118
2412	7119
3232	7120
922	7121
8137	7122
7100	7123
20	7124
8925	7125
4624	7126
7572	7127
2422	7128
6050	7129
4422	7130
5298	7131
9331	7132
1298	7133
9655	7134
390	7135
4044	7136
3608	7137
2271	7138
4376	7139
705	7140
206	7141
1059	7142
855	7143
1057	7144
1775	7145
6787	7146
1955	7147
442	7148
683	7149
8544	7150
1290	7151
4914	7152
8825	7153
1320	7154
817	7155
65	7156
4743	7157
8120	7158
9939	7159
7207	7160
4794	7161
4880	7162
9111	7163
8181	7164
5558	7165
4962	7166
2844	7167
3343	7168
7118	7169
4319	7170
2615	7171
403	7172
1715	7173
2995	7174
3329	7175
7236	7176
8718	7177
8537	7178
1190	7179
2032	7180
2624	7181
2408	7182
8440	7183
8486	7184
8719	7185
6755	7186
8945	7187
1550	7188
3475	7189
8552	7190
1706	7191
954	7192
5255	7193
884	7194
6579	7195
4072	7196
4782	7197
3569	7198
1963	7199
4106	7200
2273	7201
6159	7202
2991	7203
518	7204
3689	7205
4666	7206
9286	7207
6250	7208
9220	7209
2081	7210
2787	7211
4605	7212
532	7213
1826	7214
8101	7215
7434	7216
6892	7217
2020	7218
1171	7219
2396	7220
5603	7221
9105	7222
6762	7223
3764	7224
76	7225
9229	7226
7679	7227
7796	7228
1717	7229
4488	7230
3550	7231
47	7232
1524	7233
538	7234
4974	7235
358	7236
5646	7237
8035	7238
9159	7239
1194	7240
371	7241
5999	7242
4816	7243
9379	7244
6904	7245
7664	7246
8458	7247
9516	7248
9035	7249
8939	7250
9211	7251
5314	7252
1155	7253
7232	7254
8229	7255
5827	7256
6778	7257
5872	7258
320	7259
2863	7260
948	7261
3876	7262
5099	7263
509	7264
5690	7265
3071	7266
291	7267
3859	7268
4236	7269
4307	7270
4369	7271
7272	7272
6397	7273
8624	7274
5819	7275
5167	7276
1515	7277
7196	7278
257	7279
4184	7280
1941	7281
3457	7282
5175	7283
6927	7284
9349	7285
2611	7286
4754	7287
9117	7288
1639	7289
9937	7290
9324	7291
6915	7292
7354	7293
1980	7294
5893	7295
2901	7296
1039	7297
7338	7298
3451	7299
539	7300
666	7301
2876	7302
3832	7303
8392	7304
7556	7305
8388	7306
9486	7307
2918	7308
4884	7309
711	7310
3335	7311
5912	7312
9922	7313
2547	7314
5089	7315
1947	7316
6035	7317
8050	7318
4902	7319
5179	7320
2507	7321
332	7322
4961	7323
2359	7324
9056	7325
7462	7326
7037	7327
8700	7328
6146	7329
9327	7330
7498	7331
8098	7332
5387	7333
422	7334
8739	7335
2943	7336
2130	7337
6261	7338
7394	7339
4228	7340
6487	7341
327	7342
3725	7343
3271	7344
4203	7345
3672	7346
6614	7347
6670	7348
6138	7349
3279	7350
8757	7351
6585	7352
2949	7353
1785	7354
3700	7355
57	7356
7414	7357
7229	7358
1875	7359
4656	7360
244	7361
8270	7362
1590	7363
1858	7364
1755	7365
7943	7366
7395	7367
3809	7368
574	7369
7364	7370
199	7371
8316	7372
5531	7373
2563	7374
7044	7375
491	7376
8490	7377
5847	7378
3341	7379
6301	7380
9294	7381
6692	7382
4101	7383
8201	7384
4839	7385
163	7386
8038	7387
7432	7388
6666	7389
5139	7390
7402	7391
3647	7392
9434	7393
2553	7394
8060	7395
6134	7396
6924	7397
1111	7398
4143	7399
5461	7400
4038	7401
6337	7402
9496	7403
3003	7404
9791	7405
9058	7406
9070	7407
9241	7408
2837	7409
7497	7410
8584	7411
1103	7412
7976	7413
1020	7414
3477	7415
2908	7416
1143	7417
4519	7418
7804	7419
9124	7420
282	7421
4313	7422
1720	7423
3936	7424
5106	7425
9431	7426
6	7427
6521	7428
7936	7429
5373	7430
5242	7431
4226	7432
4573	7433
67	7434
4909	7435
6639	7436
882	7437
9016	7438
589	7439
4602	7440
4563	7441
4339	7442
6603	7443
213	7444
8612	7445
2814	7446
2052	7447
9023	7448
1796	7449
3320	7450
6358	7451
6323	7452
3897	7453
6612	7454
6942	7455
1556	7456
7660	7457
6243	7458
5696	7459
7596	7460
4878	7461
1737	7462
165	7463
3789	7464
8683	7465
6815	7466
4489	7467
223	7468
1498	7469
7312	7470
7155	7471
8835	7472
7458	7473
941	7474
9843	7475
5384	7476
7333	7477
9001	7478
5484	7479
5800	7480
9900	7481
613	7482
620	7483
9696	7484
9856	7485
3450	7486
8352	7487
6948	7488
8305	7489
9187	7490
7865	7491
5695	7492
6113	7493
7331	7494
2970	7495
1673	7496
4749	7497
6575	7498
4479	7499
1997	7500
8947	7501
1066	7502
631	7503
8535	7504
6354	7505
638	7506
6917	7507
6087	7508
5543	7509
5966	7510
9291	7511
865	7512
4535	7513
6652	7514
4942	7515
6187	7516
7505	7517
1275	7518
2790	7519
7899	7520
7050	7521
4593	7522
5323	7523
1769	7524
8716	7525
719	7526
4966	7527
627	7528
592	7529
4585	7530
626	7531
1688	7532
2337	7533
1246	7534
9555	7535
6462	7536
4861	7537
337	7538
5595	7539
8123	7540
9353	7541
1228	7542
6956	7543
729	7544
1126	7545
6210	7546
6270	7547
2117	7548
6705	7549
274	7550
5831	7551
8214	7552
5867	7553
7527	7554
6826	7555
3007	7556
6324	7557
728	7558
6269	7559
61	7560
4739	7561
6249	7562
7325	7563
4920	7564
269	7565
8701	7566
3539	7567
824	7568
7438	7569
9318	7570
9090	7571
7086	7572
5321	7573
9265	7574
1040	7575
123	7576
166	7577
450	7578
8442	7579
832	7580
3877	7581
1466	7582
7603	7583
8340	7584
6137	7585
1782	7586
3339	7587
4451	7588
1610	7589
3592	7590
1091	7591
4480	7592
9409	7593
2519	7594
84	7595
1746	7596
8063	7597
8143	7598
6298	7599
8531	7600
611	7601
2267	7602
5371	7603
3916	7604
549	7605
891	7606
6496	7607
6468	7608
918	7609
655	7610
5173	7611
6632	7612
6013	7613
7193	7614
2525	7615
4299	7616
4447	7617
1853	7618
110	7619
4129	7620
5964	7621
11	7622
7222	7623
3699	7624
1622	7625
5021	7626
6866	7627
2218	7628
9189	7629
9668	7630
964	7631
6613	7632
404	7633
1671	7634
4374	7635
8506	7636
3141	7637
5909	7638
2587	7639
6446	7640
1204	7641
1809	7642
9690	7643
9402	7644
1626	7645
2319	7646
7285	7647
2080	7648
4001	7649
3728	7650
2011	7651
2948	7652
2972	7653
1921	7654
4844	7655
198	7656
1816	7657
4214	7658
9413	7659
5636	7660
8975	7661
926	7662
4756	7663
5288	7664
6308	7665
1957	7666
4887	7667
8339	7668
9463	7669
1146	7670
8146	7671
6531	7672
3842	7673
9357	7674
5115	7675
7235	7676
1713	7677
8957	7678
2535	7679
837	7680
1774	7681
5331	7682
7703	7683
1637	7684
6004	7685
8225	7686
1806	7687
307	7688
5769	7689
8600	7690
398	7691
2354	7692
1469	7693
9826	7694
4314	7695
929	7696
8104	7697
2573	7698
226	7699
4159	7700
7909	7701
3937	7702
7302	7703
251	7704
4643	7705
8163	7706
4702	7707
3177	7708
4030	7709
9883	7710
1392	7711
587	7712
4130	7713
811	7714
9155	7715
8387	7716
2671	7717
7423	7718
580	7719
9203	7720
5258	7721
3932	7722
2737	7723
3538	7724
8422	7725
6117	7726
3734	7727
3039	7728
8803	7729
1189	7730
8296	7731
8655	7732
3147	7733
1463	7734
3048	7735
107	7736
3325	7737
4459	7738
1495	7739
3674	7740
870	7741
5	7742
17	7743
5413	7744
7969	7745
8213	7746
5885	7747
9268	7748
9027	7749
7948	7750
1568	7751
374	7752
9540	7753
4757	7754
4534	7755
1360	7756
3103	7757
4142	7758
7814	7759
1345	7760
2333	7761
8230	7762
2301	7763
6653	7764
4126	7765
5941	7766
1159	7767
8753	7768
709	7769
4953	7770
6356	7771
7296	7772
2417	7773
9385	7774
6083	7775
1787	7776
8863	7777
9698	7778
4800	7779
5728	7780
4769	7781
2103	7782
4000	7783
333	7784
8886	7785
4834	7786
2247	7787
6690	7788
2679	7789
1811	7790
5143	7791
7092	7792
9447	7793
3895	7794
1011	7795
4772	7796
3275	7797
546	7798
4458	7799
4415	7800
9097	7801
9101	7802
4941	7803
8245	7804
8418	7805
4813	7806
2094	7807
3453	7808
6208	7809
3822	7810
7550	7811
3438	7812
7783	7813
9504	7814
3053	7815
4348	7816
4555	7817
2488	7818
2006	7819
5792	7820
2776	7821
7544	7822
1078	7823
6850	7824
8298	7825
4108	7826
3035	7827
6008	7828
9064	7829
3669	7830
8981	7831
7748	7832
8027	7833
7806	7834
116	7835
1023	7836
656	7837
9015	7838
3300	7839
7982	7840
1842	7841
8615	7842
696	7843
4823	7844
1386	7845
1617	7846
6200	7847
1642	7848
457	7849
203	7850
8698	7851
1926	7852
4553	7853
3523	7854
6063	7855
584	7856
402	7857
7043	7858
7667	7859
4641	7860
8576	7861
4985	7862
6264	7863
1933	7864
6742	7865
5786	7866
9527	7867
4717	7868
1938	7869
9813	7870
8359	7871
5697	7872
6723	7873
3100	7874
2798	7875
8688	7876
1327	7877
9623	7878
2498	7879
7067	7880
7610	7881
7592	7882
8070	7883
9950	7884
2303	7885
5732	7886
5374	7887
1462	7888
4625	7889
8598	7890
988	7891
1164	7892
4114	7893
5681	7894
2959	7895
4852	7896
4245	7897
6445	7898
1174	7899
9293	7900
8870	7901
6566	7902
29	7903
7773	7904
5183	7905
7852	7906
4156	7907
6	7908
4849	7909
1147	7910
6256	7911
3673	7912
1819	7913
9824	7914
875	7915
8894	7916
2969	7917
6791	7918
1311	7919
876	7920
3981	7921
4983	7922
4688	7923
2115	7924
1783	7925
7961	7926
8056	7927
8069	7928
1605	7929
572	7930
9174	7931
339	7932
6417	7933
5462	7934
298	7935
718	7936
8828	7937
151	7938
8361	7939
9432	7940
9725	7941
464	7942
6283	7943
9091	7944
9538	7945
1295	7946
1296	7947
4009	7948
3196	7949
2140	7950
4789	7951
8037	7952
235	7953
3585	7954
9719	7955
1276	7956
159	7957
1767	7958
3756	7959
2716	7960
4124	7961
322	7962
835	7963
8518	7964
836	7965
2212	7966
6682	7967
2618	7968
693	7969
6824	7970
1651	7971
5351	7972
9077	7973
2039	7974
6976	7975
6560	7976
2890	7977
17	7978
7805	7979
2697	7980
7440	7981
8233	7982
5614	7983
3960	7984
1315	7985
1099	7986
4166	7987
8952	7988
3873	7989
5060	7990
2569	7991
6940	7992
3253	7993
2405	7994
3976	7995
3783	7996
4020	7997
2105	7998
6535	7999
5844	8000
6958	8001
9940	8002
9787	8003
503	8004
8755	8005
2162	8006
1815	8007
3318	8008
4504	8009
9869	8010
8156	8011
4128	8012
4627	8013
7518	8014
2625	8015
4840	8016
2517	8017
3551	8018
3862	8019
9497	8020
8171	8021
3902	8022
8651	8023
5048	8024
4797	8025
1240	8026
7200	8027
1719	8028
900	8029
3607	8030
4117	8031
7003	8032
4008	8033
8862	8034
9531	8035
9526	8036
9553	8037
3484	8038
4383	8039
7107	8040
7243	8041
566	8042
9960	8043
4538	8044
5954	8045
3565	8046
9524	8047
6317	8048
5006	8049
2425	8050
221	8051
8003	8052
9051	8053
5079	8054
9469	8055
3043	8056
2952	8057
2736	8058
3278	8059
2805	8060
5108	8061
7074	8062
2873	8063
1920	8064
2520	8065
1104	8066
577	8067
2630	8068
2888	8069
6872	8070
7957	8071
2702	8072
961	8073
2098	8074
5586	8075
2463	8076
7075	8077
6851	8078
3386	8079
9221	8080
6770	8081
7803	8082
3850	8083
3670	8084
5274	8085
8151	8086
5548	8087
4483	8088
3775	8089
4077	8090
6388	8091
3202	8092
1664	8093
5372	8094
1877	8095
4215	8096
8771	8097
2744	8098
6748	8099
1362	8100
4775	8101
7479	8102
4690	8103
6393	8104
7947	8105
6759	8106
1253	8107
908	8108
7623	8109
5470	8110
7692	8111
1195	8112
3050	8113
375	8114
698	8115
9138	8116
9358	8117
5205	8118
5505	8119
5572	8120
385	8121
7508	8122
5365	8123
4911	8124
9464	8125
5982	8126
3685	8127
2693	8128
1740	8129
6426	8130
9088	8131
4730	8132
6706	8133
1708	8134
1221	8135
894	8136
3092	8137
8176	8138
2838	8139
681	8140
1668	8141
2567	8142
708	8143
1981	8144
1594	8145
1384	8146
1401	8147
5455	8148
3727	8149
6085	8150
1900	8151
9850	8152
4349	8153
2555	8154
628	8155
8462	8156
2777	8157
7888	8158
2307	8159
9572	8160
4439	8161
4831	8162
236	8163
7238	8164
5297	8165
4616	8166
9107	8167
377	8168
8109	8169
2099	8170
1191	8171
3805	8172
1698	8173
3867	8174
6643	8175
7693	8176
8094	8177
7532	8178
7817	8179
98	8180
733	8181
1598	8182
5639	8183
3298	8184
5911	8185
6946	8186
5279	8187
6974	8188
485	8189
323	8190
2294	8191
2571	8192
2694	8193
634	8194
3720	8195
2288	8196
8445	8197
7247	8198
9587	8199
6080	8200
7060	8201
4528	8202
9615	8203
9478	8204
364	8205
3534	8206
1006	8207
4647	8208
5910	8209
7815	8210
1036	8211
1744	8212
8497	8213
117	8214
1757	8215
7363	8216
547	8217
614	8218
6069	8219
3953	8220
3562	8221
1902	8222
4123	8223
3639	8224
1883	8225
3292	8226
9494	8227
4334	8228
9567	8229
834	8230
6052	8231
8281	8232
6443	8233
2423	8234
4673	8235
9678	8236
3926	8237
5362	8238
4810	8239
1905	8240
7477	8241
4315	8242
2448	8243
183	8244
1800	8245
5381	8246
6427	8247
3167	8248
1106	8249
2229	8250
3250	8251
5626	8252
3112	8253
122	8254
5206	8255
2042	8256
3927	8257
7372	8258
9941	8259
8675	8260
5405	8261
4090	8262
8844	8263
2074	8264
9168	8265
588	8266
6669	8267
5427	8268
4976	8269
5458	8270
5705	8271
6382	8272
2122	8273
2458	8274
5745	8275
1886	8276
6880	8277
8052	8278
8837	8279
3239	8280
679	8281
9793	8282
6914	8283
5895	8284
8081	8285
2928	8286
6396	8287
887	8288
53	8289
2577	8290
1398	8291
2867	8292
3675	8293
8347	8294
174	8295
9650	8296
9164	8297
7630	8298
2450	8299
9935	8300
3066	8301
7874	8302
2955	8303
938	8304
4608	8305
4921	8306
9612	8307
4328	8308
3959	8309
8168	8310
9356	8311
335	8312
4581	8313
3307	8314
243	8315
7278	8316
346	8317
5555	8318
1014	8319
5471	8320
7778	8321
4155	8322
8149	8323
6120	8324
6967	8325
1497	8326
7620	8327
2220	8328
1991	8329
1814	8330
2315	8331
5322	8332
866	8333
2254	8334
5465	8335
8277	8336
8337	8337
3519	8338
4414	8339
8159	8340
2869	8341
3511	8342
499	8343
3146	8344
2791	8345
9707	8346
7106	8347
7661	8348
8666	8349
7397	8350
8762	8351
7186	8352
6011	8353
3638	8354
9588	8355
5150	8356
842	8357
2093	8358
2065	8359
1084	8360
9584	8361
6544	8362
3295	8363
4191	8364
7348	8365
4144	8366
1291	8367
563	8368
2857	8369
1486	8370
9545	8371
444	8372
489	8373
83	8374
3287	8375
4652	8376
7083	8377
9072	8378
2974	8379
7878	8380
1117	8381
8936	8382
7762	8383
7633	8384
7898	8385
82	8386
3148	8387
5507	8388
4972	8389
2126	8390
3598	8391
387	8392
4968	8393
2962	8394
1969	8395
8238	8396
5973	8397
498	8398
7313	8399
4379	8400
1566	8401
1222	8402
1242	8403
754	8404
4753	8405
2833	8406
957	8407
8626	8408
6089	8409
2623	8410
3666	8411
3872	8412
2536	8413
5753	8414
2960	8415
9279	8416
1665	8417
7854	8418
6941	8419
6214	8420
9919	8421
8942	8422
7125	8423
2331	8424
8386	8425
1100	8426
9245	8427
3594	8428
4507	8429
520	8430
5178	8431
7634	8432
1827	8433
9191	8434
7799	8435
3974	8436
5028	8437
3578	8438
1381	8439
9966	8440
210	8441
5480	8442
4443	8443
3659	8444
4908	8445
783	8446
2707	8447
24	8448
8139	8449
6158	8450
5830	8451
5317	8452
8106	8453
4664	8454
7627	8455
2579	8456
3964	8457
4826	8458
438	8459
5026	8460
5170	8461
9609	8462
9170	8463
4386	8464
8743	8465
5208	8466
2173	8467
8415	8468
8390	8469
2418	8470
8125	8471
6228	8472
175	8473
8011	8474
8148	8475
2635	8476
6916	8477
7609	8478
4815	8479
4099	8480
736	8481
6267	8482
9208	8483
3418	8484
2570	8485
6293	8486
7824	8487
4445	8488
3439	8489
7938	8490
7433	8491
2854	8492
5256	8493
8547	8494
8999	8495
8078	8496
6629	8497
6713	8498
8202	8499
6790	8500
1907	8501
9193	8502
1798	8503
5994	8504
7889	8505
6248	8506
6811	8507
1570	8508
3548	8509
8203	8510
8464	8511
1485	8512
1615	8513
7993	8514
382	8515
7055	8516
9123	8517
9728	8518
8266	8519
9930	8520
889	8521
9083	8522
7502	8523
6726	8524
7314	8525
1843	8526
5083	8527
6843	8528
2539	8529
3518	8530
4075	8531
9505	8532
6216	8533
8960	8534
3094	8535
51	8536
9162	8537
2722	8538
8244	8539
846	8540
325	8541
2430	8542
3041	8543
8504	8544
8529	8545
1007	8546
7671	8547
7001	8548
4153	8549
9652	8550
97	8551
6234	8552
4421	8553
1558	8554
129	8555
6048	8556
4272	8557
4900	8558
3028	8559
6707	8560
5843	8561
9503	8562
7728	8563
2757	8564
746	8565
658	8566
3106	8567
606	8568
3746	8569
1922	8570
2575	8571
5856	8572
4253	8573
1237	8574
6598	8575
778	8576
1502	8577
9435	8578
3294	8579
4658	8580
5301	8581
9863	8582
7332	8583
7727	8584
2607	8585
26	8586
6314	8587
9010	8588
1436	8589
1156	8590
704	8591
5762	8592
3006	8593
4105	8594
585	8595
3023	8596
3022	8597
15	8598
6864	8599
534	8600
4843	8601
1236	8602
6403	8603
2310	8604
59	8605
3971	8606
1690	8607
4206	8608
5444	8609
7316	8610
3920	8611
477	8612
9261	8613
1621	8614
2379	8615
2175	8616
7373	8617
7340	8618
8029	8619
7707	8620
636	8621
6753	8622
145	8623
131	8624
4022	8625
809	8626
5779	8627
6886	8628
8088	8629
5341	8630
1807	8631
5402	8632
2603	8633
690	8634
3595	8635
7121	8636
3286	8637
1098	8638
8563	8639
4168	8640
5588	8641
6209	8642
8333	8643
4225	8644
7870	8645
7716	8646
2534	8647
6846	8648
7297	8649
1347	8650
3688	8651
2956	8652
8224	8653
3892	8654
6506	8655
6360	8656
3069	8657
3701	8658
6975	8659
3885	8660
3738	8661
6434	8662
8833	8663
8645	8664
6681	8665
5916	8666
8105	8667
6088	8668
8720	8669
6241	8670
2860	8671
8217	8672
4435	8673
1837	8674
7466	8675
863	8676
1193	8677
4726	8678
5963	8679
1435	8680
1358	8681
1415	8682
5600	8683
2238	8684
8282	8685
7533	8686
1239	8687
179	8688
9040	8689
3437	8690
7464	8691
3605	8692
2640	8693
6516	8694
8766	8695
8138	8696
3561	8697
2372	8698
3025	8699
5154	8700
5078	8701
143	8702
7228	8703
9250	8704
9596	8705
5176	8706
9136	8707
205	8708
4669	8709
209	8710
5086	8711
6785	8712
9367	8713
3316	8714
4928	8715
8729	8716
4980	8717
6901	8718
8267	8719
3972	8720
1982	8721
5182	8722
7581	8723
5611	8724
6783	8725
8154	8726
2485	8727
9525	8728
2085	8729
4596	8730
6680	8731
9004	8732
3490	8733
9217	8734
1152	8735
3060	8736
1789	8737
7078	8738
868	8739
3910	8740
6391	8741
1638	8742
3466	8743
2086	8744
8346	8745
551	8746
869	8747
9645	8748
9284	8749
7110	8750
4192	8751
2451	8752
6923	8753
8077	8754
4589	8755
158	8756
3634	8757
3874	8758
907	8759
6327	8760
6741	8761
4651	8762
7317	8763
5415	8764
8682	8765
3133	8766
9737	8767
5196	8768
5162	8769
7822	8770
7687	8771
4091	8772
2147	8773
7158	8774
7096	8775
6689	8776
3695	8777
1519	8778
9743	8779
3396	8780
903	8781
9295	8782
8903	8783
9780	8784
542	8785
9518	8786
4694	8787
2329	8788
8851	8789
2954	8790
2258	8791
8887	8792
763	8793
6482	8794
5227	8795
1412	8796
3406	8797
4696	8798
6982	8799
748	8800
6794	8801
715	8802
9065	8803
7985	8804
993	8805
3283	8806
8873	8807
2350	8808
6136	8809
3334	8810
1929	8811
2829	8812
5354	8813
4043	8814
8858	8815
8502	8816
9316	8817
1771	8818
7955	8819
8371	8820
5059	8821
3200	8822
441	8823
8289	8824
8102	8825
9030	8826
1418	8827
3411	8828
5450	8829
5282	8830
3665	8831
885	8832
6401	8833
1849	8834
3049	8835
2142	8836
1996	8837
6402	8838
578	8839
2910	8840
1294	8841
8744	8842
3289	8843
677	8844
2183	8845
7642	8846
6828	8847
2325	8848
5953	8849
8652	8850
4181	8851
1022	8852
447	8853
6854	8854
8115	8855
5675	8856
9045	8857
6176	8858
1169	8859
1628	8860
306	8861
8326	8862
2610	8863
5658	8864
4290	8865
7456	8866
1176	8867
262	8868
9490	8869
5995	8870
6764	8871
5464	8872
1547	8873
5313	8874
4494	8875
8545	8876
2100	8877
3535	8878
6771	8879
6720	8880
1543	8881
5243	8882
7455	8883
7478	8884
6224	8885
3276	8886
5270	8887
3277	8888
4380	8889
5924	8890
5453	8891
5533	8892
2000	8893
6436	8894
6157	8895
3504	8896
6218	8897
4195	8898
7391	8899
9544	8900
5473	8901
8620	8902
1457	8903
2766	8904
5275	8905
1931	8906
409	8907
8342	8908
5430	8909
5709	8910
7	8911
1736	8912
3797	8913
4828	8914
6192	8915
6687	8916
9400	8917
2456	8918
8073	8919
7240	8920
2	8921
4027	8922
4471	8923
8008	8924
4262	8925
7935	8926
7729	8927
4721	8928
5514	8929
395	8930
9154	8931
5105	8932
7685	8933
3285	8934
6168	8935
3051	8936
7735	8937
8875	8938
1559	8939
3057	8940
4345	8941
1641	8942
6660	8943
4163	8944
2469	8945
7849	8946
6345	8947
911	8948
5144	8949
3489	8950
6172	8951
5015	8952
1802	8953
2453	8954
5070	8955
5734	8956
7670	8957
7072	8958
7293	8959
5573	8960
737	8961
5669	8962
4388	8963
5287	8964
8221	8965
6708	8966
2905	8967
8307	8968
8805	8969
5468	8970
446	8971
7724	8972
452	8973
9323	8974
2761	8975
1634	8976
3662	8977
4588	8978
4820	8979
7840	8980
9426	8981
9219	8982
2504	8983
4617	8984
7639	8985
8435	8986
439	8987
8811	8988
6030	8989
1825	8990
6676	8991
8676	8992
2407	8993
7761	8994
8026	8995
6435	8996
6334	8997
5290	8998
5959	8999
7851	9000
5623	9001
7846	9002
4461	9003
5621	9004
9440	9005
975	9006
6554	9007
4633	9008
3924	9009
3125	9010
800	9011
7210	9012
2851	9013
2072	9014
7168	9015
9247	9016
9084	9017
495	9018
1158	9019
1901	9020
2387	9021
8804	9022
2651	9023
3384	9024
5376	9025
3765	9026
1998	9027
1139	9028
4977	9029
5030	9030
2009	9031
2444	9032
8802	9033
7418	9034
8068	9035
3142	9036
5625	9037
2279	9038
601	9039
794	9040
3646	9041
3593	9042
5702	9043
6858	9044
7369	9045
982	9046
8565	9047
7573	9048
8111	9049
2160	9050
416	9051
3315	9052
3314	9053
94	9054
3903	9055
5262	9056
2426	9057
5029	9058
5025	9059
2877	9060
5400	9061
6714	9062
687	9063
1583	9064
9131	9065
9166	9066
1557	9067
6899	9068
8922	9069
6442	9070
5032	9071
9482	9072
7188	9073
7143	9074
9484	9075
9048	9076
7233	9077
2751	9078
8234	9079
8363	9080
7650	9081
9457	9082
6341	9083
1848	9084
4360	9085
5810	9086
5536	9087
412	9088
3851	9089
8409	9090
1839	9091
8927	9092
6525	9093
4034	9094
3013	9095
4740	9096
898	9097
3641	9098
2178	9099
9495	9100
9223	9101
8526	9102
7322	9103
1067	9104
7734	9105
2803	9106
9067	9107
7718	9108
1493	9109
517	9110
9069	9111
8972	9112
4904	9113
5816	9114
4574	9115
3267	9116
2813	9117
6930	9118
4533	9119
3568	9120
4287	9121
522	9122
723	9123
6375	9124
3117	9125
6299	9126
7897	9127
9049	9128
4028	9129
9853	9130
3414	9131
5642	9132
9955	9133
6792	9134
2029	9135
523	9136
8291	9137
2172	9138
6386	9139
5236	9140
7214	9141
4806	9142
6424	9143
6093	9144
3973	9145
5355	9146
9599	9147
2161	9148
8385	9149
7483	9150
3465	9151
4049	9152
4537	9153
315	9154
2275	9155
8487	9156
2037	9157
5711	9158
3388	9159
1956	9160
4109	9161
4924	9162
425	9163
2459	9164
6803	9165
9921	9166
740	9167
2643	9168
5599	9169
7388	9170
7370	9171
202	9172
1065	9173
259	9174
5348	9175
9235	9176
1503	9177
2351	9178
8455	9179
5641	9180
674	9181
5938	9182
1935	9183
5224	9184
9897	9185
1709	9186
991	9187
1844	9188
4	9189
7523	9190
4802	9191
1529	9192
2208	9193
5058	9194
7345	9195
5546	9196
2997	9197
9532	9198
9901	9199
73	9200
2915	9201
1076	9202
3776	9203
1336	9204
7892	9205
767	9206
6225	9207
4211	9208
9959	9209
7582	9210
9388	9211
8444	9212
8778	9213
2070	9214
1595	9215
8899	9216
9703	9217
527	9218
9904	9219
6076	9220
8843	9221
1532	9222
1588	9223
232	9224
6379	9225
2935	9226
2146	9227
8508	9228
5764	9229
2040	9230
5190	9231
7858	9232
3614	9233
1232	9234
482	9235
2652	9236
8650	9237
8212	9238
3446	9239
5113	9240
5651	9241
6912	9242
8911	9243
4267	9244
4378	9245
5564	9246
7398	9247
3954	9248
1009	9249
5707	9250
6501	9251
2657	9252
8551	9253
879	9254
2583	9255
5545	9256
8930	9257
8041	9258
4180	9259
6719	9260
8389	9261
4466	9262
1340	9263
4306	9264
4893	9265
1172	9266
829	9267
6655	9268
816	9269
8849	9270
3849	9271
9963	9272
5008	9273
1219	9274
6361	9275
1227	9276
7813	9277
7355	9278
7766	9279
1127	9280
7871	9281
8495	9282
5534	9283
7362	9284
8751	9285
7649	9286
612	9287
1265	9288
4102	9289
1584	9290
8304	9291
4186	9292
7153	9293
6757	9294
4792	9295
5238	9296
3999	9297
843	9298
5103	9299
1906	9300
1908	9301
2049	9302
8692	9303
2043	9304
9330	9305
8686	9306
4293	9307
7195	9308
5117	9309
7185	9310
640	9311
7992	9312
4294	9313
8896	9314
8083	9315
5490	9316
4295	9317
2619	9318
2261	9319
1368	9320
9860	9321
189	9322
7358	9323
6694	9324
3143	9325
3370	9326
7615	9327
4474	9328
139	9329
7863	9330
3055	9331
7770	9332
3227	9333
37	9334
2861	9335
7958	9336
7931	9337
3223	9338
5771	9339
1364	9340
2709	9341
1507	9342
7775	9343
1454	9344
3723	9345
3570	9346
9580	9347
7202	9348
352	9349
2157	9350
857	9351
7081	9352
8959	9353
1986	9354
6709	9355
9670	9356
2919	9357
6300	9358
9730	9359
901	9360
5950	9361
7549	9362
586	9363
1231	9364
8548	9365
2917	9366
985	9367
9913	9368
9712	9369
6043	9370
519	9371
6357	9372
6857	9373
1472	9374
454	9375
8118	9376
3914	9377
5277	9378
7004	9379
7009	9380
505	9381
568	9382
3462	9383
4877	9384
7959	9385
6934	9386
9910	9387
6389	9388
4014	9389
4934	9390
2850	9391
2786	9392
7579	9393
314	9394
9890	9395
1352	9396
905	9397
5055	9398
9037	9399
765	9400
2922	9401
3955	9402
3748	9403
3257	9404
6943	9405
2256	9406
5866	9407
4907	9408
5433	9409
138	9410
4395	9411
7594	9412
4606	9413
1581	9414
694	9415
9898	9416
4822	9417
8292	9418
8172	9419
3838	9420
9161	9421
115	9422
8384	9423
2524	9424
960	9425
3939	9426
8780	9427
750	9428
6039	9429
134	9430
5	9431
7057	9432
1346	9433
5273	9434
8906	9435
6773	9436
5680	9437
5671	9438
3860	9439
9285	9440
4219	9441
2989	9442
2059	9443
4165	9444
6797	9445
6806	9446
561	9447
7636	9448
3798	9449
6837	9450
5375	9451
5080	9452
1338	9453
1661	9454
5165	9455
7049	9456
7258	9457
8020	9458
8164	9459
5656	9460
8898	9461
472	9462
639	9463
8412	9464
4986	9465
9179	9466
8978	9467
228	9468
411	9469
64	9470
7939	9471
5419	9472
8016	9473
9157	9474
2580	9475
2897	9476
1247	9477
4125	9478
4392	9479
2209	9480
5057	9481
734	9482
1354	9483
1357	9484
7287	9485
4866	9486
5578	9487
9640	9488
8646	9489
2977	9490
9667	9491
6398	9492
6353	9493
955	9494
7281	9495
9147	9496
5324	9497
1847	9498
394	9499
2409	9500
8032	9501
4592	9502
4055	9503
8884	9504
3347	9505
4220	9506
4382	9507
147	9508
1257	9509
6419	9510
9817	9511
575	9512
3024	9513
3026	9514
3204	9515
4326	9516
6939	9517
1061	9518
8905	9519
9723	9520
7501	9521
4660	9522
7988	9523
9441	9524
700	9525
1299	9526
7065	9527
4970	9528
4006	9529
8193	9530
6189	9531
7426	9532
1213	9533
1031	9534
7367	9535
4653	9536
8108	9537
8427	9538
756	9539
6259	9540
8601	9541
9020	9542
8283	9543
940	9544
7349	9545
1567	9546
9506	9547
34	9548
3372	9549
4120	9550
4110	9551
7352	9552
1890	9553
5014	9554
6945	9555
4140	9556
50	9557
5304	9558
150	9559
2211	9560
8717	9561
9748	9562
4561	9563
9297	9564
9465	9565
9393	9566
5241	9567
3532	9568
2024	9569
5166	9570
2491	9571
6296	9572
9529	9573
6515	9574
3352	9575
4438	9576
7662	9577
707	9578
562	9579
4448	9580
2187	9581
525	9582
9779	9583
4711	9584
7301	9585
1805	9586
5249	9587
8239	9588
4238	9589
448	9590
6500	9591
6371	9592
1936	9593
3844	9594
8141	9595
528	9596
5299	9597
6882	9598
3185	9599
4285	9600
1949	9601
2743	9602
4615	9603
9812	9604
1187	9605
805	9606
27	9607
5478	9608
6179	9609
2879	9610
1411	9611
8321	9612
2982	9613
8950	9614
6835	9615
9253	9616
1042	9617
9362	9618
8472	9619
1095	9620
1927	9621
6290	9622
9372	9623
9225	9624
7991	9625
5703	9626
1300	9627
2377	9628
2967	9629
9368	9630
3823	9631
4330	9632
4856	9633
1041	9634
1911	9635
2312	9636
7357	9637
7250	9638
2785	9639
5930	9640
3040	9641
5970	9642
3359	9643
267	9644
9521	9645
6231	9646
2742	9647
5602	9648
8408	9649
9410	9650
1768	9651
9078	9652
7704	9653
6664	9654
6542	9655
9682	9656
4098	9657
9281	9658
9352	9659
897	9660
4927	9661
6432	9662
8410	9663
3940	9664
8379	9665
5177	9666
4858	9667
5915	9668
3933	9669
6772	9670
2924	9671
697	9672
9236	9673
9068	9674
3207	9675
4442	9676
3225	9677
7453	9678
3571	9679
6399	9680
2495	9681
9206	9682
9676	9683
6067	9684
9156	9685
4133	9686
3381	9687
2391	9688
7608	9689
1380	9690
7896	9691
6884	9692
5337	9693
5667	9694
6524	9695
6321	9696
2510	9697
7441	9698
2034	9699
4182	9700
8799	9701
6003	9702
5307	9703
4998	9704
5801	9705
9188	9706
8453	9707
2025	9708
3778	9709
89	9710
8142	9711
665	9712
5836	9713
9782	9714
7224	9715
3508	9716
1953	9717
1995	9718
7994	9719
4661	9720
9263	9721
3218	9722
1916	9723
7417	9724
3610	9725
4071	9726
9795	9727
3198	9728
3580	9729
9309	9730
4514	9731
1887	9732
1582	9733
9269	9734
2028	9735
9956	9736
4891	9737
8222	9738
2260	9739
4935	9740
3868	9741
43	9742
862	9743
9641	9744
3882	9745
3526	9746
5442	9747
6736	9748
4774	9749
8263	9750
5936	9751
8421	9752
8707	9753
9785	9754
3400	9755
7264	9756
245	9757
3947	9758
170	9759
6202	9760
9829	9761
126	9762
2884	9763
6355	9764
2150	9765
6649	9766
7795	9767
4783	9768
4571	9769
3201	9770
1279	9771
3345	9772
9677	9773
9767	9774
7130	9775
6351	9776
1915	9777
4723	9778
2721	9779
946	9780
7457	9781
5494	9782
1548	9783
6394	9784
8317	9785
8737	9786
5186	9787
1351	9788
3559	9789
4212	9790
6376	9791
5073	9792
8562	9793
6235	9794
4601	9795
6102	9796
5569	9797
3951	9798
6226	9799
1288	9800
7876	9801
1212	9802
124	9803
2181	9804
8605	9805
2230	9806
3123	9807
6654	9808
8635	9809
2617	9810
6766	9811
9017	9812
1681	9813
9180	9814
4748	9815
4280	9816
2738	9817
7690	9818
8124	9819
4746	9820
5861	9821
6565	9822
7095	9823
4762	9824
5842	9825
9019	9826
2817	9827
181	9828
1214	9829
49	9830
4945	9831
906	9832
6099	9833
2916	9834
2799	9835
9038	9836
1032	9837
353	9838
2572	9839
7273	9840
8175	9841
1602	9842
6504	9843
2620	9844
8786	9845
8839	9846
7310	9847
6309	9848
8937	9849
7711	9850
459	9851
5939	9852
4969	9853
2306	9854
8866	9855
7768	9856
8553	9857
2715	9858
5091	9859
1154	9860
7029	9861
9177	9862
7758	9863
9251	9864
6254	9865
1365	9866
2300	9867
4566	9868
7306	9869
757	9870
5284	9871
4687	9872
2438	9873
4655	9874
6869	9875
2464	9876
9658	9877
3405	9878
7162	9879
7819	9880
3214	9881
2647	9882
36	9883
4134	9884
8199	9885
7221	9886
8345	9887
1394	9888
3904	9889
7090	9890
6060	9891
2401	9892
8527	9893
4340	9894
6561	9895
6143	9896
2314	9897
5751	9898
9718	9899
33	9900
8616	9901
7951	9902
2855	9903
3496	9904
7161	9905
1640	9906
2992	9907
3541	9908
4562	9909
1799	9910
8489	9911
2595	9912
4476	9913
1968	9914
5613	9915
1459	9916
1633	9917
9613	9918
8954	9919
987	9920
6444	9921
3865	9922
2474	9923
4899	9924
2356	9925
3176	9926
6995	9927
7934	9928
3752	9929
423	9930
3858	9931
8007	9932
8466	9933
46	9934
7547	9935
406	9936
204	9937
9789	9938
463	9939
3458	9940
8447	9941
4240	9942
3915	9943
6624	9944
2108	9945
1879	9946
5739	9947
4894	9948
5590	9949
1544	9950
6073	9951
1135	9952
3715	9953
2013	9954
1764	9955
1102	9956
6336	9957
9590	9958
9343	9959
6119	9960
1048	9961
5488	9962
492	9963
8256	9964
2994	9965
2001	9966
4591	9967
137	9968
973	9969
1608	9970
8209	9971
407	9972
8025	9973
2188	9974
7638	9975
154	9976
80	9977
1850	9978
7324	9979
8872	9980
3203	9981
2895	9982
4681	9983
726	9984
5765	9985
1722	9986
7198	9987
6658	9988
1857	9989
453	9990
2328	9991
6090	9992
5251	9993
8196	9994
4470	9995
6697	9996
8411	9997
4016	9998
4468	9999
1821	10000
