8387	1
6697	2
2347	3
4220	4
5783	5
1561	6
365	7
9095	8
6296	9
1759	10
2292	11
1146	12
555	13
5067	14
2295	15
3857	16
3158	17
6027	18
137	19
8751	20
5129	21
2605	22
9240	23
7131	24
2092	25
3259	26
4225	27
5844	28
2756	29
9083	30
7438	31
7417	32
7111	33
3067	34
8355	35
3567	36
3996	37
5827	38
4482	39
1123	40
5411	41
8962	42
7488	43
1897	44
103	45
1343	46
9305	47
2469	48
567	49
1172	50
2926	51
7181	52
4299	53
4330	54
1264	55
4679	56
9343	57
4714	58
9747	59
9217	60
9654	61
2444	62
5839	63
3429	64
4774	65
774	66
1378	67
9380	68
1074	69
4184	70
1395	71
8636	72
6046	73
263	74
4358	75
9241	76
8235	77
353	78
657	79
476	80
2620	81
9626	82
6482	83
9348	84
188	85
4636	86
4060	87
7673	88
7212	89
3995	90
2	91
378	92
3606	93
7379	94
211	95
4187	96
2141	97
356	98
2597	99
882	100
400	101
3529	102
8393	103
2280	104
4802	105
6213	106
6084	107
6490	108
1850	109
2659	110
1118	111
8213	112
7517	113
8562	114
2047	115
3914	116
6754	117
7472	118
9438	119
8637	120
602	121
2550	122
4350	123
118	124
1701	125
8122	126
2710	127
974	128
2486	129
3531	130
3173	131
2791	132
7406	133
296	134
3345	135
9615	136
4811	137
7492	138
7419	139
1784	140
8296	141
1336	142
8719	143
6878	144
289	145
8705	146
3019	147
1046	148
8573	149
9567	150
5223	151
2488	152
6094	153
1531	154
5809	155
7676	156
3988	157
4414	158
6634	159
5805	160
1361	161
7245	162
8030	163
4592	164
4583	165
719	166
4096	167
1503	168
4103	169
463	170
7637	171
8211	172
2403	173
4285	174
6713	175
204	176
9552	177
9350	178
5571	179
9164	180
3708	181
5748	182
4612	183
8321	184
5693	185
1095	186
4267	187
2888	188
1840	189
1470	190
1373	191
51	192
7773	193
8238	194
1912	195
5539	196
655	197
1161	198
9546	199
856	200
3777	201
2765	202
7751	203
4214	204
5296	205
5295	206
607	207
7752	208
3190	209
6196	210
7839	211
277	212
4198	213
2139	214
3886	215
8366	216
6670	217
7341	218
5141	219
5664	220
3834	221
7050	222
2679	223
7286	224
8526	225
3367	226
3003	227
3707	228
5110	229
6348	230
3723	231
1874	232
2916	233
7823	234
5808	235
1628	236
9672	237
6326	238
6385	239
989	240
1255	241
2017	242
736	243
8703	244
7950	245
4797	246
9649	247
137	248
6717	249
5713	250
4941	251
9596	252
1136	253
2308	254
5736	255
4654	256
2407	257
3683	258
9105	259
926	260
9134	261
3745	262
4007	263
3428	264
321	265
7382	266
3355	267
2022	268
7219	269
4043	270
1985	271
1311	272
9638	273
9444	274
5094	275
4113	276
7842	277
7763	278
9307	279
8234	280
7244	281
5034	282
870	283
5573	284
307	285
8639	286
5011	287
6990	288
3521	289
2438	290
2101	291
4409	292
6830	293
1813	294
6682	295
8980	296
1842	297
1883	298
437	299
1773	300
4584	301
8914	302
4919	303
4395	304
3691	305
8983	306
1767	307
6655	308
8967	309
1978	310
5684	311
7873	312
7688	313
1412	314
4324	315
217	316
8768	317
2379	318
5313	319
107	320
8251	321
1026	322
5118	323
5625	324
6101	325
5023	326
24	327
4671	328
6215	329
1599	330
4980	331
3548	332
9247	333
3276	334
1983	335
9738	336
4927	337
7638	338
2628	339
8517	340
9170	341
2110	342
8069	343
2610	344
1736	345
5304	346
6473	347
3018	348
5086	349
3364	350
2437	351
8676	352
8120	353
6311	354
8550	355
5195	356
246	357
3786	358
6892	359
460	360
8833	361
648	362
6273	363
8085	364
6707	365
3502	366
9691	367
5511	368
4139	369
2607	370
747	371
268	372
18	373
5862	374
7507	375
3217	376
4540	377
8266	378
608	379
7952	380
6800	381
9153	382
7173	383
517	384
1416	385
7314	386
5319	387
9141	388
3755	389
3725	390
4798	391
3062	392
4772	393
7304	394
1702	395
7502	396
4753	397
2339	398
9078	399
6757	400
3201	401
9591	402
2185	403
9408	404
5513	405
4771	406
7940	407
130	408
4281	409
7285	410
6498	411
5147	412
127	413
2335	414
9404	415
6584	416
6852	417
133	418
7660	419
8848	420
6844	421
3605	422
4143	423
251	424
1432	425
3859	426
8819	427
6948	428
4734	429
2693	430
156	431
9214	432
7722	433
5392	434
8987	435
6656	436
495	437
5534	438
3102	439
2319	440
8801	441
8695	442
7154	443
9252	444
4796	445
5180	446
1633	447
4387	448
3799	449
8553	450
8761	451
6295	452
3397	453
1105	454
9599	455
31	456
1036	457
9118	458
1382	459
6522	460
5990	461
2986	462
3471	463
3833	464
8685	465
7105	466
4603	467
5482	468
5977	469
1464	470
260	471
3668	472
1696	473
842	474
2906	475
2613	476
7267	477
5623	478
6194	479
6854	480
8544	481
6096	482
5755	483
1770	484
5073	485
743	486
6907	487
7159	488
3403	489
466	490
8115	491
4183	492
75	493
2995	494
348	495
2700	496
2718	497
5004	498
3349	499
7819	500
754	501
9412	502
2498	503
1957	504
1571	505
7077	506
1151	507
3951	508
2577	509
5345	510
3115	511
8322	512
1111	513
5756	514
8008	515
4193	516
8104	517
9280	518
272	519
4348	520
3600	521
2246	522
551	523
8187	524
4948	525
525	526
4365	527
1755	528
5917	529
6114	530
7876	531
6309	532
245	533
1980	534
7107	535
6156	536
9310	537
4355	538
4454	539
6073	540
6774	541
4881	542
7371	543
2359	544
5834	545
3965	546
8107	547
4045	548
2518	549
2962	550
9129	551
3912	552
3560	553
1610	554
4231	555
9045	556
6218	557
2008	558
5810	559
8109	560
4486	561
376	562
791	563
2514	564
3301	565
8006	566
9467	567
2372	568
3248	569
6267	570
2566	571
898	572
2656	573
1420	574
5757	575
1528	576
6694	577
1713	578
6627	579
4960	580
3076	581
7418	582
1721	583
4074	584
3323	585
9237	586
6145	587
1433	588
1352	589
7729	590
1811	591
2901	592
694	593
3239	594
7587	595
5913	596
3729	597
3573	598
7117	599
5889	600
5456	601
5048	602
6323	603
9172	604
2036	605
5383	606
427	607
9192	608
1153	609
5949	610
6745	611
6171	612
9704	613
4610	614
2448	615
1356	616
4318	617
5227	618
7274	619
575	620
3294	621
2067	622
5619	623
8312	624
8495	625
5433	626
9633	627
3167	628
4443	629
5928	630
2957	631
5119	632
3385	633
6620	634
4216	635
5076	636
5537	637
34	638
25	639
3636	640
4294	641
9005	642
3532	643
2035	644
748	645
5966	646
21	647
8611	648
8445	649
5030	650
4037	651
1622	652
3675	653
1895	654
4449	655
637	656
1935	657
2417	658
5665	659
3407	660
1386	661
4849	662
1756	663
3224	664
4433	665
3008	666
5864	667
8216	668
4361	669
1790	670
5782	671
5900	672
4013	673
5228	674
5332	675
4487	676
9566	677
6024	678
9784	679
966	680
6174	681
3754	682
4653	683
4901	684
3221	685
2742	686
7971	687
1132	688
1199	689
8976	690
8723	691
1937	692
8421	693
2463	694
358	695
8076	696
7528	697
9028	698
4259	699
9374	700
766	701
5709	702
3609	703
6378	704
6784	705
5412	706
8814	707
2465	708
4099	709
802	710
5009	711
8596	712
2612	713
832	714
9506	715
6819	716
2651	717
1808	718
7127	719
3795	720
3205	721
3541	722
3373	723
3877	724
8666	725
5979	726
3749	727
2790	728
6725	729
8853	730
6937	731
4172	732
6964	733
5353	734
4291	735
8844	736
6052	737
1491	738
2664	739
5884	740
430	741
9321	742
9495	743
7597	744
1996	745
5173	746
3231	747
5531	748
2324	749
9013	750
4572	751
6952	752
5813	753
1878	754
8582	755
5413	756
9311	757
3657	758
6434	759
3037	760
7934	761
1995	762
4304	763
8621	764
8171	765
4819	766
6816	767
1358	768
8111	769
7439	770
5865	771
5861	772
1953	773
5331	774
5714	775
4167	776
96	777
8408	778
3863	779
7058	780
7383	781
7778	782
5728	783
556	784
1966	785
7455	786
1664	787
1312	788
2272	789
1291	790
2218	791
6675	792
4227	793
2003	794
5178	795
4044	796
674	797
8861	798
2464	799
762	800
3280	801
611	802
531	803
3459	804
199	805
2875	806
7237	807
5438	808
9165	809
2045	810
331	811
7436	812
5603	813
2251	814
5965	815
5465	816
4502	817
6416	818
5451	819
1835	820
8280	821
3784	822
9371	823
5759	824
1353	825
107	826
2281	827
1004	828
1346	829
3311	830
2941	831
8323	832
8475	833
8614	834
7453	835
4108	836
9576	837
7808	838
8246	839
8570	840
1725	841
9744	842
4569	843
5868	844
2937	845
57	846
2083	847
9688	848
7177	849
43	850
1438	851
796	852
5390	853
3085	854
1377	855
1442	856
2699	857
9329	858
7605	859
297	860
295	861
7878	862
2589	863
2792	864
3162	865
3356	866
4694	867
9004	868
2287	869
145	870
4406	871
9531	872
3852	873
4789	874
2935	875
3686	876
7669	877
4202	878
6254	879
996	880
580	881
45	882
214	883
9272	884
4228	885
9389	886
9692	887
2499	888
8307	889
5527	890
8726	891
9727	892
6619	893
8721	894
5453	895
2472	896
1357	897
9066	898
8688	899
61	900
191	901
1642	902
3542	903
6733	904
6821	905
222	906
8759	907
4003	908
8884	909
3697	910
6646	911
6421	912
3865	913
7136	914
9159	915
2912	916
2266	917
6358	918
3200	919
943	920
291	921
2665	922
3924	923
3026	924
167	925
7384	926
3958	927
9714	928
158	929
3320	930
2600	931
4485	932
2220	933
844	934
1930	935
9001	936
9109	937
4861	938
1955	939
3651	940
7189	941
5997	942
1067	943
4866	944
4732	945
4862	946
3440	947
8205	948
2531	949
5470	950
5872	951
3250	952
381	953
5303	954
1728	955
9574	956
6110	957
4137	958
8509	959
5270	960
5549	961
1630	962
8133	963
4284	964
1969	965
3821	966
2778	967
2557	968
5902	969
4447	970
6025	971
1220	972
4838	973
3517	974
2013	975
8548	976
6198	977
8650	978
7958	979
7986	980
496	981
6109	982
128	983
2743	984
2297	985
1285	986
3040	987
448	988
6571	989
8892	990
4403	991
9361	992
723	993
6959	994
200	995
7611	996
3069	997
1870	998
4154	999
6202	1000
5878	1001
8247	1002
7211	1003
5536	1004
8459	1005
8056	1006
5656	1007
3245	1008
4817	1009
9147	1010
5738	1011
7332	1012
8901	1013
7526	1014
6304	1015
6828	1016
4366	1017
7970	1018
5410	1019
7416	1020
963	1021
2434	1022
5587	1023
8634	1024
6783	1025
6221	1026
5152	1027
7218	1028
1339	1029
1230	1030
2661	1031
6735	1032
192	1033
1349	1034
433	1035
4907	1036
1417	1037
1573	1038
695	1039
5112	1040
6902	1041
330	1042
8206	1043
2153	1044
6224	1045
129	1046
1128	1047
6943	1048
5771	1049
7086	1050
6604	1051
7224	1052
2442	1053
4084	1054
4491	1055
9140	1056
5462	1057
5328	1058
3129	1059
7270	1060
5497	1061
4840	1062
9557	1063
1057	1064
5277	1065
9601	1066
6451	1067
4706	1068
6141	1069
1018	1070
5710	1071
8897	1072
9510	1073
4991	1074
22	1075
685	1076
6226	1077
1380	1078
5012	1079
1460	1080
2155	1081
2343	1082
4049	1083
610	1084
4203	1085
1566	1086
6863	1087
4192	1088
2963	1089
82	1090
1990	1091
3581	1092
7068	1093
6289	1094
2126	1095
7767	1096
2150	1097
9208	1098
483	1099
4245	1100
8361	1101
2069	1102
3079	1103
5017	1104
8731	1105
5380	1106
7706	1107
1867	1108
7654	1109
164	1110
6894	1111
6847	1112
3822	1113
4957	1114
4766	1115
101	1116
6186	1117
597	1118
6261	1119
7953	1120
2775	1121
7592	1122
2599	1123
7760	1124
2975	1125
8950	1126
3726	1127
6347	1128
8908	1129
8237	1130
615	1131
5952	1132
3017	1133
7643	1134
511	1135
2672	1136
1044	1137
2526	1138
3627	1139
5925	1140
864	1141
5890	1142
3661	1143
5950	1144
2667	1145
5901	1146
1872	1147
1518	1148
3917	1149
9200	1150
9457	1151
6236	1152
9608	1153
3057	1154
6599	1155
2398	1156
242	1157
2475	1158
2996	1159
2892	1160
9081	1161
4470	1162
7144	1163
739	1164
1844	1165
9298	1166
8106	1167
7967	1168
8817	1169
8149	1170
4992	1171
9759	1172
9631	1173
2871	1174
2496	1175
4128	1176
4126	1177
835	1178
439	1179
4063	1180
501	1181
8291	1182
9707	1183
9708	1184
9409	1185
9276	1186
7837	1187
5696	1188
2480	1189
3219	1190
2688	1191
5626	1192
1715	1193
1785	1194
2298	1195
8952	1196
6625	1197
9265	1198
4541	1199
9107	1200
4300	1201
7841	1202
5646	1203
5525	1204
3744	1205
4767	1206
9550	1207
1545	1208
1279	1209
4587	1210
440	1211
4614	1212
2453	1213
2684	1214
5291	1215
8514	1216
6970	1217
5197	1218
1338	1219
8189	1220
8713	1221
4873	1222
4498	1223
8286	1224
7309	1225
8878	1226
6216	1227
2904	1228
5694	1229
5882	1230
5931	1231
8654	1232
3820	1233
498	1234
8521	1235
3505	1236
4375	1237
455	1238
5403	1239
6097	1240
12	1241
800	1242
3464	1243
7835	1244
2195	1245
5046	1246
7138	1247
50	1248
8044	1249
3462	1250
2686	1251
97	1252
1435	1253
9025	1254
4512	1255
5747	1256
3926	1257
3	1258
5881	1259
5071	1260
6422	1261
3895	1262
4125	1263
1964	1264
2294	1265
2663	1266
7720	1267
8677	1268
4417	1269
5692	1270
6956	1271
237	1272
3284	1273
833	1274
104	1275
5894	1276
1022	1277
1585	1278
5255	1279
3291	1280
5207	1281
3317	1282
3957	1283
17	1284
5680	1285
2652	1286
426	1287
7428	1288
1569	1289
3599	1290
7744	1291
8320	1292
4222	1293
7052	1294
7024	1295
1196	1296
6320	1297
6227	1298
7192	1299
1348	1300
5476	1301
506	1302
1250	1303
3639	1304
5695	1305
1717	1306
9583	1307
1070	1308
8313	1309
5671	1310
500	1311
2395	1312
5182	1313
5240	1314
8756	1315
153	1316
8244	1317
10	1318
686	1319
700	1320
8167	1321
6680	1322
8177	1323
4770	1324
5945	1325
452	1326
5373	1327
5158	1328
9346	1329
1836	1330
7624	1331
9690	1332
9273	1333
64	1334
1383	1335
7209	1336
5205	1337
4634	1338
2422	1339
5988	1340
9428	1341
6708	1342
1939	1343
8938	1344
3412	1345
114	1346
494	1347
6158	1348
5015	1349
1085	1350
2278	1351
8796	1352
153	1353
8810	1354
6260	1355
5279	1356
7979	1357
9504	1358
1286	1359
5955	1360
3824	1361
7746	1362
4923	1363
3920	1364
5284	1365
93	1366
5761	1367
4522	1368
5538	1369
6969	1370
8070	1371
9	1372
7413	1373
4681	1374
5745	1375
4578	1376
8417	1377
5636	1378
5297	1379
7447	1380
7091	1381
5763	1382
3204	1383
3536	1384
7466	1385
5113	1386
4360	1387
2747	1388
7089	1389
4934	1390
6088	1391
2085	1392
4221	1393
4997	1394
7222	1395
5286	1396
647	1397
5105	1398
1517	1399
757	1400
3549	1401
4101	1402
3724	1403
6752	1404
5888	1405
990	1406
8979	1407
3196	1408
8032	1409
7454	1410
7183	1411
3336	1412
1745	1413
4378	1414
8622	1415
8490	1416
2965	1417
4882	1418
4087	1419
823	1420
982	1421
9058	1422
825	1423
8119	1424
1193	1425
4124	1426
6692	1427
1399	1428
9074	1429
8930	1430
7960	1431
2752	1432
2227	1433
89	1434
4261	1435
1586	1436
1678	1437
3836	1438
6234	1439
3713	1440
549	1441
3384	1442
2981	1443
8863	1444
5621	1445
69	1446
6924	1447
6771	1448
3780	1449
9334	1450
3827	1451
1109	1452
4782	1453
1488	1454
7360	1455
2459	1456
8466	1457
7103	1458
4711	1459
5978	1460
4549	1461
9613	1462
357	1463
3526	1464
562	1465
2580	1466
4698	1467
6875	1468
8944	1469
8232	1470
9498	1471
9349	1472
4820	1473
2507	1474
5739	1475
1329	1476
5208	1477
1673	1478
2842	1479
6781	1480
7013	1481
7104	1482
4930	1483
1677	1484
471	1485
7926	1486
4975	1487
4400	1488
2556	1489
2897	1490
6256	1491
5560	1492
6076	1493
7397	1494
7538	1495
5378	1496
8890	1497
7945	1498
5685	1499
1160	1500
6658	1501
5021	1502
2401	1503
5837	1504
2435	1505
9540	1506
2588	1507
5256	1508
8947	1509
2149	1510
7333	1511
2882	1512
3894	1513
733	1514
4965	1515
5335	1516
7784	1517
4586	1518
8148	1519
5460	1520
8902	1521
3426	1522
4651	1523
8707	1524
6064	1525
8659	1526
1215	1527
9068	1528
7966	1529
6696	1530
5136	1531
5729	1532
5523	1533
7482	1534
9122	1535
5428	1536
6804	1537
2677	1538
9051	1539
947	1540
8551	1541
4940	1542
3870	1543
6976	1544
122	1545
3453	1546
4305	1547
325	1548
4057	1549
6888	1550
5243	1551
4993	1552
9468	1553
1165	1554
600	1555
31	1556
95	1557
5337	1558
6390	1559
90	1560
1555	1561
773	1562
2712	1563
6147	1564
188	1565
2307	1566
4929	1567
7575	1568
5381	1569
2687	1570
1509	1571
3140	1572
9535	1573
8957	1574
2662	1575
8837	1576
8385	1577
7051	1578
1209	1579
5464	1580
5370	1581
3066	1582
8253	1583
8327	1584
3670	1585
9131	1586
4462	1587
6635	1588
8929	1589
8126	1590
1090	1591
2001	1592
2717	1593
9774	1594
5579	1595
5382	1596
671	1597
701	1598
8359	1599
2716	1600
4335	1601
6869	1602
6945	1603
605	1604
1749	1605
4233	1606
3170	1607
5555	1608
2271	1609
3165	1610
2063	1611
8534	1612
6684	1613
98	1614
2536	1615
6142	1616
507	1617
2233	1618
2462	1619
4308	1620
9736	1621
416	1622
1796	1623
4556	1624
171	1625
7792	1626
29	1627
6005	1628
5797	1629
7548	1630
2476	1631
7626	1632
8847	1633
7005	1634
2051	1635
2829	1636
9602	1637
261	1638
8316	1639
952	1640
5292	1641
125	1642
9296	1643
2360	1644
7494	1645
8604	1646
2443	1647
3761	1648
6577	1649
4912	1650
7533	1651
5743	1652
3497	1653
62	1654
468	1655
4904	1656
5846	1657
949	1658
8887	1659
8835	1660
7736	1661
1397	1662
5920	1663
1415	1664
8293	1665
100	1666
6746	1667
504	1668
9364	1669
1522	1670
581	1671
5458	1672
817	1673
7469	1674
5501	1675
8922	1676
3139	1677
3161	1678
4914	1679
7990	1680
1771	1681
9234	1682
1504	1683
1568	1684
6179	1685
7925	1686
9752	1687
7366	1688
1050	1689
2378	1690
3000	1691
4744	1692
875	1693
7545	1694
4510	1695
7078	1696
2423	1697
4023	1698
3687	1699
4095	1700
360	1701
5361	1702
918	1703
391	1704
7563	1705
60	1706
2467	1707
1653	1708
9492	1709
6698	1710
6508	1711
6308	1712
3087	1713
6953	1714
6958	1715
2190	1716
3144	1717
8910	1718
8966	1719
2237	1720
2724	1721
5660	1722
6988	1723
4051	1724
6468	1725
7165	1726
8373	1727
5280	1728
1507	1729
5762	1730
8742	1731
2682	1732
7214	1733
318	1734
4665	1735
4493	1736
305	1737
3884	1738
9341	1739
3155	1740
2704	1741
9746	1742
706	1743
2070	1744
8865	1745
5443	1746
2642	1747
1297	1748
659	1749
147	1750
2166	1751
5	1752
9187	1753
7614	1754
6425	1755
9424	1756
2065	1757
6395	1758
36	1759
915	1760
6119	1761
5389	1762
379	1763
8991	1764
1219	1765
9207	1766
2781	1767
9235	1768
3269	1769
886	1770
1805	1771
9482	1772
8406	1773
5267	1774
3265	1775
6172	1776
5860	1777
1558	1778
2525	1779
2114	1780
3034	1781
1332	1782
881	1783
3530	1784
3915	1785
4346	1786
7935	1787
5355	1788
4041	1789
8646	1790
9176	1791
6464	1792
6466	1793
854	1794
3451	1795
3975	1796
4279	1797
7461	1798
3238	1799
731	1800
8771	1801
7977	1802
4835	1803
1306	1804
8520	1805
883	1806
7410	1807
9473	1808
1687	1809
3477	1810
6098	1811
4509	1812
5818	1813
6791	1814
6551	1815
816	1816
5459	1817
4874	1818
2924	1819
6028	1820
8780	1821
979	1822
1800	1823
9501	1824
2565	1825
5093	1826
702	1827
51	1828
1369	1829
6417	1830
2811	1831
8340	1832
540	1833
3325	1834
1157	1835
435	1836
5336	1837
4731	1838
5663	1839
7000	1840
9120	1841
916	1842
1211	1843
2758	1844
8328	1845
7279	1846
4608	1847
9683	1848
1320	1849
1040	1850
8652	1851
6357	1852
9337	1853
9365	1854
4253	1855
2140	1856
8175	1857
4641	1858
4118	1859
4490	1860
6578	1861
1236	1862
1479	1863
1154	1864
1780	1865
7347	1866
244	1867
6351	1868
910	1869
1102	1870
6961	1871
642	1872
3987	1873
4431	1874
5161	1875
5959	1876
7547	1877
3226	1878
9322	1879
1689	1880
3672	1881
9064	1882
866	1883
5027	1884
1871	1885
7803	1886
2927	1887
173	1888
7191	1889
7899	1890
9454	1891
4507	1892
186	1893
7359	1894
9232	1895
166	1896
7318	1897
8341	1898
9312	1899
329	1900
9251	1901
4333	1902
7800	1903
6399	1904
2151	1905
7793	1906
8616	1907
1025	1908
8265	1909
6947	1910
3084	1911
3842	1912
5075	1913
8955	1914
9754	1915
4289	1916
2922	1917
9586	1918
2216	1919
9711	1920
4949	1921
3575	1922
777	1923
8222	1924
2393	1925
3243	1926
7968	1927
166	1928
9148	1929
7564	1930
8197	1931
1606	1932
5611	1933
2108	1934
6366	1935
613	1936
6191	1937
546	1938
3868	1939
6044	1940
7204	1941
7112	1942
3458	1943
6814	1944
1144	1945
6080	1946
3227	1947
4174	1948
7400	1949
1324	1950
6408	1951
834	1952
8840	1953
1424	1954
2548	1955
3882	1956
6182	1957
5500	1958
3947	1959
7959	1960
8662	1961
6729	1962
9768	1963
266	1964
1921	1965
4664	1966
3469	1967
8923	1968
3473	1969
8925	1970
7054	1971
3476	1972
1403	1973
2028	1974
1693	1975
9069	1976
4017	1977
5605	1978
9351	1979
2569	1980
3381	1981
1546	1982
944	1983
6159	1984
6394	1985
9734	1986
288	1987
254	1988
5251	1989
6593	1990
3500	1991
60	1992
6373	1993
2318	1994
8084	1995
1783	1996
7025	1997
8389	1998
5831	1999
7728	2000
5218	2001
1834	2002
5999	2003
6714	2004
8212	2005
4743	2006
4021	2007
5085	2008
9017	2009
6918	2010
6275	2011
2554	2012
2479	2013
4343	2014
1210	2015
4422	2016
6753	2017
287	2018
9477	2019
6225	2020
1180	2021
1072	2022
3131	2023
3623	2024
9634	2025
2841	2026
6834	2027
6456	2028
6641	2029
3658	2030
8836	2031
4459	2032
3065	2033
3805	2034
9384	2035
4206	2036
2984	2037
8326	2038
5874	2039
7974	2040
149	2041
544	2042
8378	2043
3369	2044
6380	2045
6075	2046
8398	2047
7522	2048
176	2049
5321	2050
3533	2051
3255	2052
8128	2053
6650	2054
5753	2055
4177	2056
3861	2057
3619	2058
410	2059
3185	2060
7692	2061
2419	2062
4768	2063
9396	2064
7632	2065
6942	2066
1905	2067
2823	2068
5514	2069
7459	2070
4954	2071
9182	2072
8325	2073
5454	2074
2529	2075
7768	2076
81	2077
4534	2078
4064	2079
5642	2080
273	2081
3182	2082
9010	2083
2998	2084
8889	2085
6437	2086
1122	2087
317	2088
1962	2089
983	2090
8744	2091
5479	2092
539	2093
9410	2094
7499	2095
8822	2096
8683	2097
2175	2098
8491	2099
5400	2100
4033	2101
2021	2102
534	2103
7890	2104
8160	2105
3880	2106
4596	2107
527	2108
7716	2109
9662	2110
5851	2111
9387	2112
2755	2113
4224	2114
9529	2115
8037	2116
892	2117
9029	2118
4607	2119
5134	2120
8552	2121
7698	2122
1	2123
4254	2124
4619	2125
2481	2126
8663	2127
4357	2128
1212	2129
2847	2130
7085	2131
1532	2132
1101	2133
6302	2134
1540	2135
3585	2136
8288	2137
6381	2138
374	2139
7766	2140
7491	2141
1190	2142
5803	2143
1764	2144
9592	2145
6825	2146
2768	2147
8714	2148
9656	2149
1426	2150
5079	2151
9719	2152
7657	2153
7530	2154
6180	2155
7377	2156
2341	2157
2859	2158
7591	2159
7125	2160
7856	2161
6208	2162
9534	2163
1665	2164
4988	2165
2985	2166
9327	2167
8004	2168
3160	2169
2896	2170
8236	2171
1455	2172
1538	2173
941	2174
2539	2175
144	2176
9556	2177
2879	2178
6486	2179
1	2180
4047	2181
8158	2182
9680	2183
5234	2184
6103	2185
3187	2186
171	2187
1904	2188
2611	2189
1257	2190
1414	2191
9220	2192
6263	2193
5435	2194
4806	2195
6264	2196
4790	2197
4956	2198
8704	2199
8827	2200
6293	2201
1232	2202
6624	2203
117	2204
4555	2205
4210	2206
63	2207
5360	2208
151	2209
6462	2210
553	2211
3591	2212
1595	2213
1839	2214
7426	2215
5153	2216
139	2217
2673	2218
3443	2219
8173	2220
4083	2221
5181	2222
8549	2223
6893	2224
8602	2225
7904	2226
2928	2227
2127	2228
4894	2229
9486	2230
7444	2231
2571	2232
5327	2233
2683	2234
8091	2235
4727	2236
1163	2237
1141	2238
441	2239
6736	2240
638	2241
7664	2242
4327	2243
7911	2244
5563	2245
2561	2246
1290	2247
9332	2248
3189	2249
3671	2250
7907	2251
9569	2252
6734	2253
7022	2254
4239	2255
1578	2256
1028	2257
2619	2258
362	2259
5499	2260
4535	2261
2146	2262
2547	2263
176	2264
1269	2265
3485	2266
3720	2267
1829	2268
5829	2269
7527	2270
7155	2271
4471	2272
5461	2273
1868	2274
1259	2275
2616	2276
1328	2277
3578	2278
347	2279
8569	2280
2115	2281
2410	2282
3032	2283
7589	2284
6237	2285
492	2286
1493	2287
6817	2288
5730	2289
5432	2290
2524	2291
7264	2292
419	2293
3126	2294
2012	2295
4959	2296
7695	2297
5388	2298
9190	2299
917	2300
198	2301
5669	2302
2188	2303
8380	2304
9033	2305
8054	2306
7555	2307
591	2308
5974	2309
3431	2310
4506	2311
4689	2312
1875	2313
1733	2314
7742	2315
2349	2316
8989	2317
8487	2318
7941	2319
2	2320
9369	2321
3107	2322
1049	2323
8420	2324
2113	2325
4660	2326
6645	2327
8537	2328
9572	2329
1911	2330
4530	2331
469	2332
5162	2333
4795	2334
1126	2335
5262	2336
22	2337
9289	2338
8799	2339
2385	2340
6509	2341
7090	2342
4856	2343
6047	2344
4332	2345
2137	2346
9452	2347
8792	2348
106	2349
7769	2350
7759	2351
3559	2352
2169	2353
9594	2354
8077	2355
9675	2356
5310	2357
4994	2358
2870	2359
6681	2360
1407	2361
1580	2362
1463	2363
2	2364
8540	2365
6112	2366
4546	2367
7412	2368
6518	2369
6565	2370
7567	2371
7580	2372
8735	2373
6246	2374
1079	2375
9523	2376
9063	2377
6744	2378
9765	2379
1711	2380
8598	2381
2018	2382
727	2383
4650	2384
4322	2385
5935	2386
536	2387
8113	2388
5858	2389
4138	2390
6529	2391
9415	2392
5823	2393
1258	2394
3179	2395
1379	2396
4616	2397
2813	2398
2762	2399
8660	2400
3540	2401
621	2402
7645	2403
1428	2404
8608	2405
9030	2406
5358	2407
3273	2408
6993	2409
5486	2410
838	2411
6020	2412
6837	2413
6838	2414
6536	2415
2608	2416
9406	2417
894	2418
6602	2419
4810	2420
7585	2421
9006	2422
4352	2423
8295	2424
9416	2425
8261	2426
1753	2427
2217	2428
2303	2429
2874	2430
5775	2431
9624	2432
42	2433
2194	2434
1367	2435
8893	2436
5567	2437
8289	2438
6889	2439
2231	2440
9622	2441
5857	2442
742	2443
7047	2444
8948	2445
1263	2446
3741	2447
7844	2448
306	2449
4808	2450
7944	2451
7715	2452
9031	2453
6444	2454
6738	2455
7039	2456
9331	2457
6543	2458
3157	2459
7678	2460
6768	2461
3705	2462
6605	2463
55	2464
5333	2465
5742	2466
7675	2467
7343	2468
1176	2469
7201	2470
651	2471
9007	2472
9549	2473
7070	2474
6491	2475
9128	2476
2315	2477
4982	2478
7964	2479
9292	2480
4918	2481
1778	2482
2530	2483
3588	2484
84	2485
1262	2486
1127	2487
7049	2488
8539	2489
566	2490
7239	2491
5368	2492
2621	2493
4582	2494
7885	2495
2707	2496
721	2497
879	2498
1362	2499
9071	2500
4526	2501
2695	2502
7972	2503
8851	2504
532	2505
6865	2506
1256	2507
8137	2508
193	2509
7464	2510
5211	2511
5517	2512
7431	2513
99	2514
5087	2515
3889	2516
1734	2517
1590	2518
6282	2519
8303	2520
9121	2521
7900	2522
7604	2523
9589	2524
9769	2525
3064	2526
3680	2527
281	2528
5123	2529
1441	2530
6102	2531
6798	2532
1178	2533
7403	2534
8108	2535
1223	2536
6188	2537
3960	2538
688	2539
1519	2540
1831	2541
8410	2542
7034	2543
2799	2544
5481	2545
9749	2546
4898	2547
859	2548
587	2549
8574	2550
8575	2551
6257	2552
7100	2553
4071	2554
3400	2555
6705	2556
4399	2557
2446	2558
294	2559
3371	2560
3056	2561
2869	2562
8909	2563
4589	2564
6270	2565
8802	2566
7922	2567
1473	2568
7641	2569
5922	2570
4209	2571
5799	2572
1851	2573
6636	2574
5853	2575
1900	2576
9607	2577
4363	2578
4601	2579
7723	2580
14	2581
109	2582
9455	2583
4061	2584
819	2585
4142	2586
9391	2587
7621	2588
165	2589
8092	2590
129	2591
3489	2592
533	2593
3968	2594
7363	2595
1005	2596
9472	2597
4055	2598
2908	2599
4293	2600
1856	2601
36	2602
5602	2603
6069	2604
8252	2605
4188	2606
4029	2607
2121	2608
6054	2609
6249	2610
9041	2611
8132	2612
7565	2613
8064	2614
5722	2615
3271	2616
8182	2617
5897	2618
7220	2619
5447	2620
6220	2621
1548	2622
4316	2623
8764	2624
726	2625
8269	2626
4521	2627
8379	2628
6887	2629
120	2630
6	2631
8094	2632
8100	2633
2348	2634
8067	2635
1655	2636
7679	2637
34	2638
7470	2639
4644	2640
7881	2641
5483	2642
6276	2643
2323	2644
2705	2645
4351	2646
6949	2647
5250	2648
1933	2649
5356	2650
8022	2651
478	2652
5415	2653
2934	2654
3519	2655
7787	2656
4496	2657
640	2658
2846	2659
2645	2660
5026	2661
4618	2662
6301	2663
2209	2664
4437	2665
6493	2666
4726	2667
5035	2668
7961	2669
1971	2670
4514	2671
5590	2672
7996	2673
6251	2674
2899	2675
3203	2676
2872	2677
8481	2678
4067	2679
1857	2680
9236	2681
6633	2682
7364	2683
5943	2684
6081	2685
1404	2686
3103	2687
7504	2688
6920	2689
6965	2690
9710	2691
1448	2692
4386	2693
8610	2694
6759	2695
7939	2696
2226	2697
7460	2698
8960	2699
9316	2700
7594	2701
3518	2702
33	2703
7435	2704
6121	2705
8633	2706
6463	2707
2810	2708
6384	2709
3042	2710
7207	2711
992	2712
1499	2713
8845	2714
5143	2715
5612	2716
53	2717
9771	2718
8025	2719
5029	2720
6582	2721
1658	2722
8538	2723
10	2724
382	2725
9587	2726
6312	2727
1666	2728
4488	2729
8432	2730
9620	2731
8431	2732
5845	2733
1252	2734
7223	2735
3236	2736
1683	2737
7310	2738
4844	2739
953	2740
41	2741
5184	2742
1954	2743
402	2744
4814	2745
9584	2746
1594	2747
2252	2748
863	2749
2777	2750
9539	2751
2460	2752
2311	2753
8841	2754
7812	2755
8467	2756
6996	2757
4054	2758
3270	2759
6664	2760
2979	2761
8605	2762
1094	2763
4750	2764
13	2765
5339	2766
7254	2767
1646	2768
2973	2769
7549	2770
8306	2771
2192	2772
7910	2773
3127	2774
9043	2775
278	2776
3952	2777
9499	2778
3028	2779
1828	2780
1703	2781
4286	2782
8016	2783
1016	2784
830	2785
119	2786
189	2787
4741	2788
386	2789
5127	2790
3252	2791
5474	2792
7871	2793
429	2794
8842	2795
4943	2796
6640	2797
1959	2798
1797	2799
8965	2800
196	2801
1238	2802
6124	2803
703	2804
7861	2805
7059	2806
1864	2807
8304	2808
6925	2809
6368	2810
7866	2811
8014	2812
65	2813
1195	2814
5342	2815
3537	2816
2999	2817
1360	2818
3816	2819
5171	2820
3322	2821
4680	2822
6278	2823
1186	2824
5675	2825
3612	2826
8190	2827
9378	2828
239	2829
4911	2830
3823	2831
2576	2832
1584	2833
144	2834
7995	2835
985	2836
5312	2837
7756	2838
9193	2839
4384	2840
8999	2841
4122	2842
457	2843
1852	2844
3251	2845
1769	2846
5155	2847
5425	2848
7280	2849
139	2850
1440	2851
2077	2852
141	2853
3976	2854
5145	2855
5879	2856
7602	2857
741	2858
568	2859
775	2860
2988	2861
6083	2862
4869	2863
9303	2864
3966	2865
5731	2866
4761	2867
2551	2868
82	2869
6319	2870
421	2871
3618	2872
5032	2873
8882	2874
3460	2875
2072	2876
6193	2877
47	2878
5838	2879
4816	2880
4517	2881
6542	2882
7069	2883
4656	2884
3928	2885
5259	2886
2890	2887
258	2888
6758	2889
8200	2890
98	2891
1928	2892
1456	2893
5515	2894
6568	2895
2090	2896
3610	2897
2334	2898
8144	2899
1227	2900
3892	2901
2302	2902
4946	2903
1843	2904
3354	2905
6134	2906
6666	2907
2426	2908
32	2909
8425	2910
1534	2911
2396	2912
7145	2913
3722	2914
6749	2915
4799	2916
5616	2917
6631	2918
3267	2919
1654	2920
3153	2921
6815	2922
7593	2923
1489	2924
9198	2925
9290	2926
945	2927
8309	2928
1987	2929
5224	2930
7315	2931
6628	2932
9158	2933
4257	2934
2770	2935
4243	2936
2102	2937
1623	2938
9293	2939
9026	2940
5701	2941
9246	2942
4888	2943
5924	2944
49	2945
9570	2946
68	2947
7506	2948
2804	2949
5801	2950
6929	2951
7471	2952
8992	2953
6683	2954
5131	2955
9003	2956
218	2957
4897	2958
8655	2959
7725	2960
2224	2961
9737	2962
6769	2963
3875	2964
5785	2965
6971	2966
3202	2967
1551	2968
3456	2969
7734	2970
6050	2971
9703	2972
5496	2973
2037	2974
8170	2975
387	2976
2147	2977
5282	2978
810	2979
2020	2980
6153	2981
1894	2982
535	2983
8139	2984
5341	2985
8169	2986
8501	2987
3867	2988
4392	2989
6085	2990
5348	2991
9502	2992
1423	2993
8388	2994
3223	2995
5457	2996
7949	2997
4199	2998
4593	2999
4525	3000
5630	3001
1998	3002
8631	3003
1354	3004
3435	3005
7	3006
6914	3007
2071	3008
2493	3009
913	3010
6272	3011
6992	3012
1865	3013
3935	3014
4599	3015
7484	3016
6203	3017
6693	3018
2097	3019
1170	3020
4828	3021
8734	3022
8970	3023
6824	3024
4511	3025
5564	3026
9253	3027
366	3028
7833	3029
459	3030
5548	3031
8818	3032
7988	3033
9027	3034
3949	3035
1422	3036
7094	3037
3444	3038
2820	3039
390	3040
6299	3041
6606	3042
4990	3043
1881	3044
3929	3045
5044	3046
3249	3047
1801	3048
2073	3049
2414	3050
1968	3051
4543	3052
3854	3053
5089	3054
969	3055
6325	3056
5766	3057
3383	3058
545	3059
394	3060
6785	3061
5379	3062
4019	3063
7074	3064
8502	3065
9431	3066
1265	3067
1251	3068
8497	3069
7981	3070
1602	3071
6643	3072
6433	3073
3486	3074
5189	3075
1604	3076
8557	3077
7283	3078
5365	3079
970	3080
2352	3081
9636	3082
1934	3083
7356	3084
7954	3085
787	3086
6062	3087
3094	3088
6823	3089
1469	3090
8061	3091
5364	3092
3145	3093
4278	3094
4776	3095
3984	3096
8732	3097
6793	3098
5546	3099
6012	3100
2535	3101
3869	3102
8528	3103
2593	3104
3001	3105
4434	3106
3923	3107
3718	3108
7770	3109
9493	3110
6519	3111
377	3112
113	3113
4751	3114
72	3115
6600	3116
3628	3117
8270	3118
891	3119
6100	3120
2162	3121
3214	3122
177	3123
9044	3124
7229	3125
6826	3126
4298	3127
4420	3128
3851	3129
186	3130
5666	3131
1271	3132
8277	3133
5995	3134
6398	3135
5209	3136
7295	3137
6567	3138
5220	3139
7920	3140
3184	3141
8990	3142
4594	3143
332	3144
8747	3145
1150	3146
2421	3147
2284	3148
2248	3149
5741	3150
5216	3151
3321	3152
7194	3153
2490	3154
7524	3155
5210	3156
5025	3157
6041	3158
8794	3159
4046	3160
849	3161
2945	3162
9355	3163
4880	3164
9057	3165
9696	3166
1718	3167
7854	3168
8465	3169
1056	3170
3490	3171
4889	3172
2721	3173
6450	3174
4025	3175
3392	3176
8099	3177
6057	3178
9215	3179
680	3180
7870	3181
8365	3182
8036	3183
3467	3184
8438	3185
7640	3186
1384	3187
312	3188
4755	3189
9629	3190
7659	3191
6995	3192
6673	3193
7834	3194
113	3195
1781	3196
904	3197
7163	3198
2578	3199
1064	3200
1304	3201
280	3202
284	3203
1014	3204
3509	3205
956	3206
3112	3207
1283	3208
735	3209
1970	3210
8673	3211
3433	3212
2238	3213
6957	3214
4307	3215
8151	3216
4920	3217
4568	3218
1368	3219
1916	3220
3263	3221
9544	3222
300	3223
3677	3224
8710	3225
6520	3226
2920	3227
4899	3228
2200	3229
7061	3230
7354	3231
3576	3232
1963	3233
205	3234
2533	3235
1651	3236
2330	3237
3710	3238
2130	3239
5852	3240
8791	3241
5416	3242
2468	3243
132	3244
2043	3245
4952	3246
6573	3247
4155	3248
4376	3249
8933	3250
4120	3251
5308	3252
1487	3253
5532	3254
9657	3255
5699	3256
1841	3257
4321	3258
3557	3259
6998	3260
7372	3261
8404	3262
8868	3263
465	3264
9178	3265
5613	3266
6598	3267
7994	3268
2562	3269
7625	3270
2371	3271
1802	3272
4968	3273
6737	3274
6963	3275
1822	3276
9301	3277
6691	3278
2798	3279
2131	3280
4362	3281
77	3282
6827	3283
6921	3284
3633	3285
8525	3286
9520	3287
2024	3288
6727	3289
4014	3290
1692	3291
5066	3292
8630	3293
5607	3294
4622	3295
946	3296
116	3297
3348	3298
9174	3299
3122	3300
6566	3301
1314	3302
3337	3303
9020	3304
328	3305
981	3306
132	3307
4000	3308
8249	3309
522	3310
4609	3311
7	3312
5146	3313
7510	3314
1738	3315
2154	3316
4059	3317
4674	3318
8374	3319
219	3320
3698	3321
1059	3322
4109	3323
2512	3324
7513	3325
3228	3326
1374	3327
6169	3328
5082	3329
2096	3330
8430	3331
9491	3332
4163	3333
4878	3334
2502	3335
3740	3336
8018	3337
4617	3338
7032	3339
519	3340
6702	3341
4719	3342
6642	3343
7859	3344
350	3345
8912	3346
8413	3347
4778	3348
2193	3349
8834	3350
5264	3351
5836	3352
3753	3353
6805	3354
9403	3355
1891	3356
1506	3357
9184	3358
2299	3359
5477	3360
4670	3361
9763	3362
6679	3363
1041	3364
2585	3365
7603	3366
6687	3367
1120	3368
1794	3369
4649	3370
1662	3371
3309	3372
7574	3373
4269	3374
2803	3375
960	3376
1031	3377
4505	3378
2274	3379
7685	3380
888	3381
6150	3382
4588	3383
8134	3384
9185	3385
8013	3386
8675	3387
5984	3388
4562	3389
6587	3390
5437	3391
8769	3392
3287	3393
1077	3394
5983	3395
8337	3396
7511	3397
5542	3398
2623	3399
3776	3400
9652	3401
3283	3402
5130	3403
7498	3404
110	3405
584	3406
1965	3407
9447	3408
4964	3409
6370	3410
6184	3411
4684	3412
5466	3413
4742	3414
8063	3415
5976	3416
4871	3417
7337	3418
6217	3419
5706	3420
5170	3421
3986	3422
806	3423
8334	3424
5526	3425
9560	3426
656	3427
282	3428
40	3429
6726	3430
7887	3431
1958	3432
3353	3433
6910	3434
3546	3435
43	3436
7182	3437
8932	3438
2931	3439
4165	3440
9339	3441
1708	3442
1214	3443
8958	3444
6403	3445
5540	3446
7322	3447
4623	3448
4204	3449
349	3450
8427	3451
7658	3452
3845	3453
3508	3454
1156	3455
8062	3456
7748	3457
235	3458
5194	3459
8826	3460
6049	3461
9042	3462
6245	3463
6238	3464
7407	3465
2219	3466
4749	3467
8075	3468
9517	3469
8260	3470
3689	3471
8522	3472
5317	3473
5887	3474
5618	3475
7610	3476
66	3477
8516	3478
5039	3479
5049	3480
3480	3481
105	3482
6855	3483
4032	3484
6570	3485
1294	3486
2222	3487
4135	3488
6882	3489
2797	3490
5244	3491
7938	3492
558	3493
7010	3494
3938	3495
9102	3496
9052	3497
5784	3498
111	3499
7098	3500
221	3501
2864	3502
6018	3503
134	3504
2914	3505
2703	3506
9155	3507
3448	3508
8566	3509
3340	3510
8227	3511
9299	3512
2878	3513
4251	3514
2441	3515
2546	3516
7710	3517
7951	3518
7405	3519
5164	3520
1060	3521
5014	3522
1162	3523
8693	3524
3324	3525
6526	3526
5891	3527
8279	3528
4788	3529
3166	3530
755	3531
8185	3532
4256	3533
8369	3534
4696	3535
131	3536
5653	3537
133	3538
9604	3539
2310	3540
2895	3541
9425	3542
2802	3543
4024	3544
2366	3545
6379	3546
6832	3547
1347	3548
8807	3549
8684	3550
5176	3551
5682	3552
5424	3553
8131	3554
5767	3555
843	3556
9060	3557
4913	3558
3703	3559
3105	3560
4876	3561
1690	3562
3514	3563
7041	3564
3768	3565
2521	3566
1168	3567
799	3568
3772	3569
271	3570
9255	3571
3511	3572
5973	3573
557	3574
184	3575
9222	3576
595	3577
3163	3578
2735	3579
157	3580
9055	3581
194	3582
9114	3583
7830	3584
9038	3585
6259	3586
4248	3587
5854	3588
6917	3589
1439	3590
7850	3591
5485	3592
8060	3593
921	3594
4116	3595
8964	3596
6544	3597
1216	3598
8407	3599
8383	3600
7035	3601
3125	3602
5376	3603
2104	3604
885	3605
2794	3606
5798	3607
4647	3608
6353	3609
7080	3610
9336	3611
1726	3612
5940	3613
1194	3614
7930	3615
5825	3616
2040	3617
2654	3618
2170	3619
9761	3620
5186	3621
8012	3622
1976	3623
8215	3624
7373	3625
7535	3626
2329	3627
6710	3628
6766	3629
3365	3630
9258	3631
4784	3632
8457	3633
6560	3634
336	3635
6317	3636
7906	3637
5287	3638
6916	3639
9402	3640
7588	3641
4344	3642
1344	3643
548	3644
6262	3645
2388	3646
493	3647
15	3648
4467	3649
7234	3650
6077	3651
2622	3652
554	3653
1305	3654
9766	3655
2390	3656
7615	3657
7497	3658
1485	3659
8832	3660
1592	3661
5802	3662
5111	3663
3396	3664
3806	3665
6835	3666
8645	3667
2109	3668
5125	3669
6104	3670
6391	3671
1179	3672
4590	3673
8586	3674
9564	3675
4763	3676
4575	3677
7666	3678
7321	3679
3036	3680
1583	3681
1512	3682
1042	3683
2655	3684
3293	3685
3804	3686
7101	3687
159	3688
72	3689
3959	3690
2207	3691
7928	3692
9119	3693
6474	3694
4981	3695
7166	3696
9274	3697
1826	3698
1617	3699
8959	3700
5225	3701
4931	3702
7388	3703
1086	3704
8198	3705
9756	3706
1431	3707
6383	3708
683	3709
2011	3710
8642	3711
6369	3712
2187	3713
303	3714
4484	3715
6569	3716
4531	3717
6653	3718
9655	3719
2117	3720
3667	3721
6252	3722
521	3723
6488	3724
5366	3725
710	3726
9581	3727
8046	3728
6253	3729
4042	3730
9270	3731
11	3732
7957	3733
6415	3734
9666	3735
2732	3736
961	3737
6168	3738
3983	3739
3297	3740
2489	3741
1877	3742
5077	3743
814	3744
3669	3745
2779	3746
2825	3747
8009	3748
7713	3749
9538	3750
3981	3751
2900	3752
2750	3753
6154	3754
6864	3755
9103	3756
6575	3757
3211	3758
5544	3759
5951	3760
7550	3761
9395	3762
1419	3763
6711	3764
2086	3765
1261	3766
9555	3767
5393	3768
5420	3769
6129	3770
1203	3771
6183	3772
1948	3773
7797	3774
5334	3775
8377	3776
7121	3777
3964	3778
1830	3779
7779	3780
5217	3781
4895	3782
8294	3783
5672	3784
9781	3785
9	3786
8597	3787
8201	3788
7060	3789
8905	3790
4107	3791
653	3792
4685	3793
972	3794
878	3795
7350	3796
8074	3797
4317	3798
8485	3799
1047	3800
4979	3801
4477	3802
8080	3803
6533	3804
1217	3805
5778	3806
5407	3807
9282	3808
4864	3809
9297	3810
6423	3811
4639	3812
4098	3813
7774	3814
5265	3815
5463	3816
3424	3817
2105	3818
1837	3819
1	3820
1495	3821
3941	3822
7609	3823
2660	3824
4995	3825
7924	3826
172	3827
7772	3828
4066	3829
643	3830
423	3831
1037	3832
8473	3833
3012	3834
8439	3835
1563	3836
667	3837
4781	3838
2234	3839
6674	3840
4089	3841
4637	3842
1989	3843
5101	3844
49	3845
3380	3846
8778	3847
1474	3848
9072	3849
8533	3850
7495	3851
7398	3852
48	3853
5923	3854
8117	3855
3430	3856
148	3857
9048	3858
6515	3859
9405	3860
4380	3861
372	3862
1110	3863
4693	3864
993	3865
1089	3866
8282	3867
7973	3868
2098	3869
7771	3870
5592	3871
4364	3872
8460	3873
5179	3874
1323	3875
1729	3876
4557	3877
8356	3878
161	3879
7266	3880
1742	3881
7804	3882
3077	3883
3739	3884
1625	3885
333	3886
3747	3887
2863	3888
3955	3889
2094	3890
7033	3891
4065	3892
3563	3893
3405	3894
8300	3895
8143	3896
6031	3897
8739	3898
420	3899
1191	3900
7601	3901
4950	3902
6786	3903
900	3904
8268	3905
4127	3906
8209	3907
1475	3908
7747	3909
2976	3910
925	3911
4100	3912
9166	3913
5488	3914
152	3915
436	3916
497	3917
3035	3918
5157	3919
5939	3920
9046	3921
707	3922
1686	3923
5638	3924
4195	3925
3024	3926
4451	3927
2400	3928
499	3929
3927	3930
230	3931
47	3932
5971	3933
4839	3934
4412	3935
432	3936
9667	3937
7487	3938
413	3939
8399	3940
6166	3941
8752	3942
9433	3943
8301	3944
4936	3945
839	3946
29	3947
5772	3948
4398	3949
6350	3950
6550	3951
713	3952
3114	3953
6469	3954
1740	3955
8368	3956
4356	3957
3701	3958
6532	3959
7584	3960
1363	3961
1225	3962
758	3963
7296	3964
8358	3965
5185	3966
5569	3967
6332	3968
9780	3969
146	3970
24	3971
884	3972
2952	3973
764	3974
8058	3975
259	3976
2198	3977
5084	3978
1714	3979
2230	3980
7157	3981
8390	3982
7544	3983
27	3984
9731	3985
8690	3986
6355	3987
8095	3988
929	3989
197	3990
968	3991
6340	3992
3481	3993
4106	3994
87	3995
7655	3996
4005	3997
1754	3998
6372	3999
1982	4000
424	4001
2685	4002
9257	4003
6139	4004
7205	4005
99	4006
6465	4007
5754	4008
2350	4009
1254	4010
6672	4011
1365	4012
5203	4013
2760	4014
6588	4015
2891	4016
5512	4017
3555	4018
962	4019
5002	4020
9677	4021
20	4022
8825	4023
9400	4024
6318	4025
6452	4026
7437	4027
8895	4028
4421	4029
662	4030
1942	4031
5793	4032
3846	4033
8512	4034
6559	4035
7422	4036
7395	4037
7423	4038
8657	4039
2125	4040
4069	4041
274	4042
9012	4043
711	4044
7358	4045
1768	4046
8114	4047
6071	4048
5559	4049
2902	4050
3334	4051
3010	4052
7430	4053
3268	4054
3765	4055
6034	4056
4252	4057
2646	4058
3118	4059
2404	4060
9442	4061
338	4062
2851	4063
6742	4064
1099	4065
813	4066
3449	4067
1535	4068
3704	4069
1471	4070
1907	4071
2358	4072
7306	4073
385	4074
5926	4075
8558	4076
8668	4077
6505	4078
2418	4079
1815	4080
7912	4081
3146	4082
675	4083
8071	4084
2774	4085
5204	4086
3898	4087
3082	4088
238	4089
2384	4090
8997	4091
4385	4092
8644	4093
3216	4094
4235	4095
9777	4096
4082	4097
6897	4098
9646	4099
6445	4100
3570	4101
938	4102
7652	4103
3402	4104
6006	4105
8154	4106
1272	4107
351	4108
7007	4109
5911	4110
3764	4111
1943	4112
2713	4113
4115	4114
7909	4115
2247	4116
5689	4117
3086	4118
1735	4119
4481	4120
3906	4121
8907	4122
3583	4123
6004	4124
1308	4125
815	4126
8221	4127
3515	4128
8993	4129
16	4130
5804	4131
7596	4132
9171	4133
4745	4134
5751	4135
6966	4136
3615	4137
4232	4138
2855	4139
4	4140
6787	4141
2508	4142
4917	4143
6447	4144
1303	4145
8559	4146
2643	4147
4359	4148
1465	4149
6903	4150
7785	4151
6788	4152
654	4153
3848	4154
8257	4155
9112	4156
2727	4157
4370	4158
1608	4159
2653	4160
5724	4161
147	4162
5956	4163
2267	4164
2506	4165
670	4166
2015	4167
9448	4168
857	4169
4180	4170
2118	4171
3358	4172
577	4173
2582	4174
3556	4175
9076	4176
3198	4177
2322	4178
1061	4179
3637	4180
3632	4181
6557	4182
874	4183
2454	4184
6841	4185
1619	4186
2221	4187
4016	4188
5936	4189
6558	4190
7335	4191
8500	4192
6994	4193
168	4194
5314	4195
7704	4196
5315	4197
5683	4198
8864	4199
3791	4200
1174	4201
9723	4202
1950	4203
9674	4204
7562	4205
3977	4206
9127	4207
2260	4208
7649	4209
9743	4210
1318	4211
4408	4212
8716	4213
3829	4214
9328	4215
6255	4216
5958	4217
6497	4218
165	4219
7892	4220
6808	4221
8728	4222
2145	4223
3887	4224
1103	4225
150	4226
7021	4227
5787	4228
6877	4229
8748	4230
9352	4231
9413	4232
3862	4233
163	4234
7917	4235
955	4236
9559	4237
3420	4238
8493	4239
8375	4240
1913	4241
9039	4242
986	4243
3352	4244
3447	4245
6721	4246
1243	4247
4112	4248
6105	4249
1902	4250
236	4251
3499	4252
4961	4253
4483	4254
2500	4255
3108	4256
180	4257
9213	4258
4152	4259
9342	4260
8613	4261
6118	4262
1062	4263
2257	4264
2249	4265
4159	4266
4085	4267
5535	4268
2824	4269
2375	4270
6527	4271
4933	4272
3760	4273
6688	4274
976	4275
4211	4276
1884	4277
7303	4278
8773	4279
2049	4280
3802	4281
9507	4282
5372	4283
1207	4284
7896	4285
7915	4286
8839	4287
7905	4288
7895	4289
6258	4290
3706	4291
157	4292
5637	4293
3310	4294
1107	4295
8103	4296
5491	4297
5344	4298
1589	4299
5806	4300
2250	4301
7001	4302
8809	4303
8350	4304
550	4305
693	4306
6629	4307
7467	4308
5471	4309
3504	4310
8264	4311
8790	4312
397	4313
6072	4314
6896	4315
6205	4316
1668	4317
3813	4318
4953	4319
4196	4320
6940	4321
3075	4322
8919	4323
8329	4324
4028	4325
8849	4326
1574	4327
786	4328
95	4329
896	4330
334	4331
8998	4332
4566	4333
380	4334
3038	4335
6630	4336
3496	4337
3524	4338
1547	4339
174	4340
8418	4341
4255	4342
9573	4343
3582	4344
2725	4345
443	4346
3479	4347
7568	4348
877	4349
687	4350
6424	4351
8577	4352
3123	4353
3891	4354
9368	4355
6021	4356
1549	4357
5418	4358
5439	4359
1909	4360
8811	4361
2545	4362
1741	4363
6268	4364
3730	4365
2160	4366
5245	4367
9755	4368
6455	4369
7929	4370
6750	4371
4529	4372
9376	4373
4461	4374
5507	4375
3847	4376
4558	4377
7616	4378
2157	4379
9575	4380
3117	4381
7826	4382
5551	4383
2262	4384
8982	4385
5394	4386
780	4387
4890	4388
2911	4389
4885	4390
1763	4391
367	4392
9422	4393
4349	4394
4999	4395
135	4396
7168	4397
9087	4398
2954	4399
5859	4400
6663	4401
5190	4402
2261	4403
9432	4404
2884	4405
7750	4406
2939	4407
1616	4408
5072	4409
6661	4410
7805	4411
2223	4412
6845	4413
118	4414
7699	4415
8045	4416
5987	4417
4186	4418
7667	4419
4916	4420
5554	4421
5050	4422
7291	4423
2027	4424
5061	4425
7606	4426
3080	4427
8584	4428
5165	4429
6359	4430
1527	4431
3274	4432
5323	4433
5167	4434
9516	4435
678	4436
1670	4437
8428	4438
3414	4439
1429	4440
3940	4441
2503	4442
6195	4443
3421	4444
5473	4445
4804	4446
8885	4447
3282	4448
5769	4449
9585	4450
344	4451
2583	4452
74	4453
1929	4454
6779	4455
6534	4456
4966	4457
4373	4458
6860	4459
8808	4460
9372	4461
223	4462
77	4463
6235	4464
46	4465
4962	4466
8954	4467
5781	4468
6030	4469
355	4470
2504	4471
1675	4472
8561	4473
1069	4474
603	4475
5543	4476
7062	4477
6699	4478
6657	4479
7288	4480
9143	4481
2314	4482
5735	4483
4922	4484
8701	4485
156	4486
1510	4487
2461	4488
5819	4489
2060	4490
2100	4491
403	4492
8226	4493
5954	4494
3098	4495
4401	4496
1917	4497
5721	4498
119	4499
6974	4500
97	4501
7404	4502
7697	4503
4746	4504
6286	4505
4397	4506
8079	4507
8	4508
8524	4509
4554	4510
4832	4511
7635	4512
6716	4513
247	4514
625	4515
5288	4516
9139	4517
7686	4518
9668	4519
5031	4520
5274	4521
9475	4522
7650	4523
4452	4524
9177	4525
5832	4526
7064	4527
8161	4528
561	4529
4427	4530
9090	4531
967	4532
9524	4533
7185	4534
4445	4535
2594	4536
5038	4537
4194	4538
8001	4539
9558	4540
6173	4541
9630	4542
6594	4543
9505	4544
3305	4545
4892	4546
4476	4547
4523	4548
8689	4549
161	4550
5120	4551
4035	4552
4780	4553
4076	4554
4416	4555
798	4556
5041	4557
8031	4558
6991	4559
6280	4560
6927	4561
7851	4562
1695	4563
1612	4564
3919	4565
145	4566
5867	4567
6148	4568
7739	4569
821	4570
5649	4571
8450	4572
9782	4573
7477	4574
3644	4575
5396	4576
4692	4577
4133	4578
2950	4579
4219	4580
1334	4581
3329	4582
177	4583
9243	4584
1260	4585
3150	4586
477	4587
4173	4588
2644	4589
6796	4590
4249	4591
102	4592
1722	4593
340	4594
871	4595
7432	4596
7714	4597
9335	4598
9471	4599
7299	4600
6748	4601
442	4602
5098	4603
669	4604
7532	4605
3840	4606
4457	4607
9420	4608
3700	4609
6659	4610
1421	4611
5343	4612
3494	4613
90	4614
7531	4615
125	4616
4148	4617
2485	4618
5640	4619
6647	4620
52	4621
1351	4622
6356	4623
5733	4624
4077	4625
1502	4626
8180	4627
8087	4628
8535	4629
5283	4630
7312	4631
4677	4632
3181	4633
3978	4634
3009	4635
2858	4636
6149	4637
8302	4638
6538	4639
770	4640
6552	4641
4153	4642
2910	4643
4170	4644
5298	4645
2575	4646
3803	4647
935	4648
3288	4649
1088	4650
4996	4651
8051	4652
7294	4653
5188	4654
2969	4655
6058	4656
6065	4657
2351	4658
8800	4659
9751	4660
1818	4661
1682	4662
8272	4663
1392	4664
9022	4665
7355	4666
6461	4667
3074	4668
6540	4669
8184	4670
4466	4671
7595	4672
3580	4673
8941	4674
8609	4675
3766	4676
6419	4677
1267	4678
1130	4679
4800	4680
3209	4681
8065	4682
4	4683
9294	4684
5330	4685
140	4686
3613	4687
2814	4688
1832	4689
136	4690
6984	4691
64	4692
5522	4693
304	4694
9618	4695
8360	4696
444	4697
1860	4698
6671	4699
6160	4700
4314	4701
4567	4702
5427	4703
5421	4704
4721	4705
8859	4706
8138	4707
1723	4708
2363	4709
6941	4710
2478	4711
893	4712
6601	4713
1389	4714
2749	4715
311	4716
7247	4717
4070	4718
5183	4719
252	4720
6338	4721
4837	4722
3963	4723
7029	4724
55	4725
6406	4726
585	4727
1125	4728
9717	4729
2925	4730
7305	4731
7858	4732
3096	4733
7755	4734
1173	4735
479	4736
4958	4737
3208	4738
6074	4739
6905	4740
1979	4741
8089	4742
3933	4743
4843	4744
661	4745
8354	4746
9724	4747
1952	4748
8805	4749
1385	4750
3788	4751
6622	4752
2579	4753
3601	4754
8740	4755
2181	4756
6206	4757
8709	4758
9429	4759
528	4760
3727	4761
9643	4762
2650	4763
8641	4764
4561	4765
936	4766
5091	4767
8679	4768
7572	4769
609	4770
4423	4771
8482	4772
1241	4773
1482	4774
840	4775
1366	4776
8606	4777
1544	4778
1299	4779
6858	4780
2940	4781
3	4782
4605	4783
5624	4784
3218	4785
4645	4786
7056	4787
4036	4788
6621	4789
646	4790
4963	4791
6562	4792
195	4793
4301	4794
7326	4795
8284	4796
1762	4797
2771	4798
2080	4799
4867	4800
27	4801
91	4802
635	4803
4865	4804
6923	4805
8052	4806
1158	4807
9483	4808
2309	4809
4863	4810
6407	4811
7087	4812
4383	4813
8083	4814
9379	4815
6281	4816
4715	4817
7004	4818
7053	4819
9094	4820
7863	4821
8745	4822
2333	4823
9648	4824
837	4825
8371	4826
5020	4827
7003	4828
4018	4829
40	4830
3817	4831
5502	4832
529	4833
5401	4834
9035	4835
2189	4836
2793	4837
5137	4838
8367	4839
2844	4840
9085	4841
8331	4842
1345	4843
2031	4844
9521	4845
3375	4846
6926	4847
1078	4848
5880	4849
4632	4850
4629	4851
2152	4852
1988	4853
2741	4854
8347	4855
6967	4856
5423	4857
9527	4858
5899	4859
1824	4860
1235	4861
2849	4862
5201	4863
1779	4864
3180	4865
6446	4866
2943	4867
5657	4868
3388	4869
1073	4870
7110	4871
6794	4872
6495	4873
1242	4874
7897	4875
361	4876
6934	4877
2019	4878
7236	4879
977	4880
8996	4881
781	4882
4987	4883
1918	4884
2239	4885
8536	4886
2885	4887
1447	4888
4648	4889
1065	4890
1112	4891
4805	4892
4779	4893
5594	4894
5840	4895
54	4896
3247	4897
9684	4898
5677	4899
3545	4900
1513	4901
5326	4902
5285	4903
9204	4904
3584	4905
9745	4906
7046	4907
3043	4908
9611	4909
4989	4910
2203	4911
559	4912
7627	4913
375	4914
2482	4915
4503	4916
1187	4917
8664	4918
9500	4919
3006	4920
2494	4921
911	4922
8879	4923
2289	4924
4891	4925
17	4926
6354	4927
9676	4928
1618	4929
4062	4930
6426	4931
4564	4932
6	4933
5206	4934
4303	4935
3376	4936
1152	4937
6523	4938
2544	4939
9168	4940
7798	4941
8858	4942
2997	4943
2697	4944
510	4945
7483	4946
1845	4947
6111	4948
3781	4949
3962	4950
2936	4951
5352	4952
9295	4953
5289	4954
1515	4955
9138	4956
9641	4957
4859	4958
9526	4959
3468	4960
9260	4961
2196	4962
7700	4963
9360	4964
399	4965
9767	4966
8097	4967
4718	4968
3484	4969
6950	4970
9132	4971
3137	4972
4367	4973
7316	4974
4777	4975
3266	4976
5138	4977
5585	4978
84	4979
2103	4980
7409	4981
725	4982
4435	4983
7319	4984
1012	4985
4775	4986
7875	4987
1091	4988
8588	4989
5789	4990
108	4991
2951	4992
7790	4993
4547	4994
1030	4995
3244	4996
1539	4997
1164	4998
7956	4999
2534	5000
927	5001
9211	5002
7828	5003
3338	5004
1511	5005
4309	5006
4678	5007
4475	5008
4130	5009
7445	5010
6685	5011
912	5012
7151	5013
26	5014
1685	5015
68	5016
6765	5017
7115	5018
8048	5019
2784	5020
4611	5021
4516	5022
5991	5023
4508	5024
3169	5025
4984	5026
7067	5027
9062	5028
1898	5029
3154	5030
4336	5031
7123	5032
1537	5033
9699	5034
4136	5035
5702	5036
4537	5037
7553	5038
4468	5039
370	5040
9135	5041
4663	5042
1712	5043
5758	5044
2364	5045
6846	5046
2542	5047
1007	5048
2420	5049
2744	5050
269	5051
1530	5052
4945	5053
3676	5054
7042	5055
6501	5056
5561	5057
7943	5058
2357	5059
1559	5060
8615	5061
4292	5062
1108	5063
5648	5064
3457	5065
4331	5066
1656	5067
7308	5068
5371	5069
4329	5070
407	5071
1732	5072
2344	5073
4791	5074
6092	5075
8838	5076
8823	5077
4158	5078
4662	5079
5932	5080
1626	5081
7663	5082
2751	5083
2283	5084
8578	5085
4277	5086
7617	5087
3372	5088
1097	5089
2989	5090
572	5091
4673	5092
3643	5093
8871	5094
9474	5095
7018	5096
6453	5097
9650	5098
7631	5099
6782	5100
1197	5101
490	5102
447	5103
5467	5104
2089	5105
2867	5106
9126	5107
9561	5108
5815	5109
4851	5110
9067	5111
2066	5112
1231	5113
341	5114
2006	5115
6177	5116
8364	5117
8314	5118
9157	5119
7846	5120
8489	5121
3331	5122
5842	5123
1611	5124
5235	5125
4119	5126
58	5127
6842	5128
5655	5129
8453	5130
564	5131
6428	5132
5489	5133
9036	5134
224	5135
5697	5136
1409	5137
6167	5138
2953	5139
126	5140
515	5141
9697	5142
4093	5143
579	5144
93	5145
20	5146
4699	5147
3510	5148
6931	5149
3234	5150
7656	5151
622	5152
6386	5153
6930	5154
8499	5155
453	5156
1941	5157
2818	5158
792	5159
8772	5160
5090	5161
5018	5162
7255	5163
2184	5164
3552	5165
1973	5166
7202	5167
1760	5168
1607	5169
7982	5170
255	5171
6512	5172
9261	5173
324	5174
1233	5175
8753	5176
4536	5177
6039	5178
8195	5179
9385	5180
4695	5181
3721	5182
682	5183
6507	5184
523	5185
8681	5186
183	5187
3225	5188
6360	5189
8196	5190
4226	5191
590	5192
6938	5193
705	5194
3295	5195
363	5196
4290	5197
7869	5198
8583	5199
4730	5200
4012	5201
9722	5202
6973	5203
3326	5204
6962	5205
4740	5206
692	5207
8724	5208
5768	5209
2515	5210
6883	5211
5817	5212
6002	5213
7378	5214
6718	5215
1613	5216
173	5217
9116	5218
4236	5219
8617	5220
1244	5221
4271	5222
3258	5223
5633	5224
7651	5225
8468	5226
7088	5227
6430	5228
8041	5229
7342	5230
1533	5231
3653	5232
5422	5233
8287	5234
8346	5235
2042	5236
1100	5237
9450	5238
9019	5239
7577	5240
1638	5241
8405	5242
8926	5243
2903	5244
418	5245
2405	5246
206	5247
2587	5248
2938	5249
8592	5250
2887	5251
6955	5252
6187	5253
906	5254
7831	5255
8436	5256
9059	5257
627	5258
6822	5259
9084	5260
4275	5261
7386	5262
2909	5263
6162	5264
7167	5265
7390	5266
2959	5267
4478	5268
7786	5269
7020	5270
6448	5271
2759	5272
2253	5273
2228	5274
7955	5275
9430	5276
6471	5277
5726	5278
1032	5279
1446	5280
7832	5281
8828	5282
2907	5283
3454	5284
7712	5285
9441	5286
4337	5287
6561	5288
5252	5289
4006	5290
1200	5291
8974	5292
2834	5293
5578	5294
7415	5295
2268	5296
3256	5297
2694	5298
1819	5299
6839	5300
4237	5301
8931	5302
1024	5303
4326	5304
9238	5305
5399	5306
9340	5307
6099	5308
6983	5309
2993	5310
4460	5311
2062	5312
9154	5313
9481	5314
7683	5315
5057	5316
9002	5317
6001	5318
5998	5319
1739	5320
7057	5321
9302	5322
614	5323
5915	5324
3792	5325
4591	5326
4875	5327
3370	5328
393	5329
160	5330
2853	5331
3603	5332
826	5333
2005	5334
7246	5335
6388	5336
4205	5337
4752	5338
39	5339
6906	5340
1054	5341
5010	5342
213	5343
4822	5344
2205	5345
5687	5346
3362	5347
2626	5348
32	5349
4571	5350
526	5351
7542	5352
6799	5353
5369	5354
4548	5355
7813	5356
5022	5357
8678	5358
9651	5359
1177	5360
1903	5361
5969	5362
7238	5363
2745	5364
2029	5365
5796	5366
2634	5367
7590	5368
9476	5369
1720	5370
6023	5371
5903	5372
4836	5373
2822	5374
8737	5375
3289	5376
2106	5377
5174	5378
8911	5379
3142	5380
1010	5381
9533	5382
3731	5383
5058	5384
2416	5385
8023	5386
3734	5387
3642	5388
8725	5389
9314	5390
574	5391
9345	5392
4769	5393
4574	5394
824	5395
7807	5396
8816	5397
4787	5398
4441	5399
6853	5400
2084	5401
7801	5402
2726	5403
4306	5404
7732	5405
2832	5406
5686	5407
1317	5408
8231	5409
2522	5410
2370	5411
1598	5412
7853	5413
7208	5414
4724	5415
4039	5416
2919	5417
3596	5418
9191	5419
3419	5420
7942	5421
6546	5422
7552	5423
873	5424
7860	5425
8786	5426
4833	5427
8447	5428
6701	5429
6831	5430
9205	5431
1390	5432
7226	5433
7434	5434
4552	5435
6364	5436
7251	5437
8975	5438
1799	5439
4550	5440
9047	5441
2263	5442
140	5443
1724	5444
4175	5445
9008	5446
6014	5447
2491	5448
8233	5449
8717	5450
52	5451
7891	5452
3913	5453
9050	5454
9698	5455
6017	5456
7414	5457
1381	5458
7921	5459
9077	5460
3812	5461
5276	5462
7248	5463
7802	5464
3999	5465
4624	5466
8736	5467
8977	5468
3164	5469
6412	5470
114	5471
8429	5472
3015	5473
9548	5474
908	5475
7420	5476
23	5477
6060	5478
310	5479
3253	5480
658	5481
3261	5482
2208	5483
5639	5484
7197	5485
4682	5486
1748	5487
489	5488
2720	5489
3561	5490
2826	5491
1375	5492
1671	5493
8463	5494
2595	5495
6789	5496
1505	5497
6563	5498
7442	5499
4265	5500
7443	5501
6859	5502
104	5503
4034	5504
9202	5505
794	5506
8098	5507
9678	5508
8033	5509
2788	5510
3050	5511
1076	5512
505	5513
3014	5514
2180	5515
3954	5516
9720	5517
8437	5518
1188	5519
2948	5520
5520	5521
8344	5522
2757	5523
4347	5524
7505	5525
354	5526
9401	5527
2982	5528
6763	5529
6545	5530
3233	5531
3413	5532
4038	5533
6809	5534
6954	5535
3565	5536
76	5537
2517	5538
7120	5539
8888	5540
8576	5541
7081	5542
4008	5543
6856	5544
3696	5545
1889	5546
5272	5547
1880	5548
6345	5549
9284	5550
7148	5551
6572	5552
1652	5553
2956	5554
1960	5555
2256	5556
4710	5557
2010	5558
7421	5559
8384	5560
9014	5561
4577	5562
4215	5563
3694	5564
6392	5565
4646	5566
1477	5567
7017	5568
69	5569
275	5570
1275	5571
8643	5572
8297	5573
6305	5574
9439	5575
8256	5576
5886	5577
3773	5578
1341	5579
9370	5580
4606	5581
2369	5582
6886	5583
4924	5584
1453	5585
286	5586
3622	5587
5005	5588
9181	5589
2648	5590
1820	5591
8248	5592
3558	5593
6935	5594
7340	5595
8651	5596
1302	5597
150	5598
3858	5599
8339	5600
2038	5601
846	5602
3312	5603
9679	5604
909	5605
5556	5606
4339	5607
4538	5608
6812	5609
4687	5610
8506	5611
7727	5612
9089	5613
7065	5614
2615	5615
6420	5616
7376	5617
83	5618
1092	5619
8140	5620
6135	5621
6365	5622
8155	5623
2555	5624
201	5625
3260	5626
9571	5627
5718	5628
5869	5629
8973	5630
7791	5631
167	5632
8503	5633
3971	5634
9324	5635
578	5636
9392	5637
4705	5638
1307	5639
7071	5640
8394	5641
6797	5642
3071	5643
7749	5644
2265	5645
1746	5646
5340	5647
109	5648
7278	5649
209	5650
2215	5651
2050	5652
7026	5653
1810	5654
630	5655
4560	5656
5856	5657
2640	5658
5962	5659
5510	5660
5698	5661
2604	5662
2992	5663
6336	5664
8028	5665
6623	5666
2142	5667
7882	5668
5545	5669
5568	5670
3470	5671
7668	5672
2513	5673
256	5674
1082	5675
6000	5676
7073	5677
2313	5678
2397	5679
4374	5680
8471	5681
924	5682
1335	5683
3974	5684
8829	5685
4079	5686
5780	5687
4157	5688
78	5689
2182	5690
8821	5691
6315	5692
3656	5693
2783	5694
415	5695
3020	5696
3674	5697
5226	5698
3408	5699
3318	5700
3147	5701
8866	5702
4570	5703
6136	5704
4432	5705
4879	5706
7620	5707
7474	5708
8194	5709
4910	5710
7992	5711
9612	5712
480	5713
8978	5714
5150	5715
339	5716
5658	5717
2865	5718
3045	5719
2876	5720
4824	5721
5325	5722
9167	5723
8870	5724
4807	5725
5198	5726
1838	5727
902	5728
3645	5729
484	5730
8086	5731
2736	5732
4585	5733
6026	5734
7680	5735
4448	5736
233	5737
714	5738
8188	5739
4513	5740
8913	5741
804	5742
6932	5743
5919	5744
9309	5745
2355	5746
3052	5747
932	5748
771	5749
999	5750
3060	5751
5139	5752
6807	5753
3908	5754
1213	5755
8019	5756
1228	5757
9137	5758
9742	5759
6481	5760
1576	5761
6879	5762
7810	5763
2235	5764
6175	5765
9440	5766
6485	5767
6686	5768
1536	5769
2728	5770
9653	5771
7672	5772
3027	5773
7331	5774
1562	5775
8476	5776
3569	5777
9009	5778
8423	5779
8963	5780
5253	5781
9313	5782
4258	5783
3005	5784
5294	5785
1866	5786
4369	5787
65	5788
7690	5789
5442	5790
2156	5791
6833	5792
6244	5793
5045	5794
1387	5795
9130	5796
6677	5797
7440	5798
4870	5799
1300	5800
639	5801
53	5802
3183	5803
7629	5804
4615	5805
8531	5806
6339	5807
8412	5808
5529	5809
8	5810
6665	5811
6460	5812
6592	5813
9175	5814
827	5815
8777	5816
4642	5817
7130	5818
4976	5819
5222	5820
7140	5821
2124	5822
4704	5823
1175	5824
9308	5825
5452	5826
8042	5827
8702	5828
8073	5829
2429	5830
8440	5831
513	5832
1876	5833
8874	5834
2034	5835
5937	5836
761	5837
2837	5838
5774	5839
80	5840
5870	5841
2179	5842
973	5843
9283	5844
7908	5845
4717	5846
7948	5847
5242	5848
9565	5849
2836	5850
4938	5851
897	5852
6915	5853
9617	5854
6820	5855
8156	5856
2470	5857
4906	5858
7503	5859
9776	5860
2291	5861
4707	5862
650	5863
1526	5864
8285	5865
9245	5866
4229	5867
2649	5868
1946	5869
9530	5870
6476	5871
3049	5872
2285	5873
6790	5874
100	5875
543	5876
7512	5877
5081	5878
8985	5879
1121	5880
3762	5881
4111	5882
3315	5883
6513	5884
7671	5885
9226	5886
408	5887
7711	5888
4393	5889
5151	5890
7867	5891
1321	5892
1705	5893
9338	5894
3930	5895
6668	5896
3702	5897
2796	5898
3896	5899
7108	5900
7702	5901
1597	5902
4858	5903
159	5904
2776	5905
1634	5906
2785	5907
636	5908
9434	5909
1459	5910
724	5911
7884	5912
7116	5913
934	5914
6732	5915
8691	5916
6337	5917
1944	5918
3264	5919
7573	5920
5494	5921
2510	5922
9098	5923
634	5924
4178	5925
980	5926
2088	5927
6274	5928
1393	5929
6316	5930
3826	5931
6176	5932
450	5933
589	5934
5236	5935
691	5936
1192	5937
227	5938
2584	5939
185	5940
2971	5941
3328	5942
514	5943
6068	5944
6146	5945
9593	5946
5985	5947
3278	5948
115	5949
19	5950
7433	5951
7514	5952
6441	5953
6483	5954
5232	5955
4722	5956
9709	5957
5241	5958
8105	5959
1997	5960
6161	5961
2392	5962
8152	5963
2201	5964
5233	5965
560	5966
4688	5967
809	5968
9426	5969
2406	5970
2819	5971
5102	5972
3733	5973
7290	5974
2374	5975
3562	5976
2424	5977
8649	5978
5552	5979
7344	5980
8452	5981
6090	5982
5717	5983
3673	5984
6564	5985
9056	5986
6055	5987
5792	5988
1052	5989
8278	5990
8775	5991
9463	5992
3770	5993
7776	5994
1063	5995
2706	5996
7636	5997
7242	5998
1879	5999
1137	6000
3237	6001
9092	6002
5975	6003
63	6004
7449	6005
3081	6006
1394	6007
197	6008
959	6009
5850	6010
569	6011
8123	6012
2852	6013
2361	6014
2025	6015
8626	6016
7927	6017
5524	6018
4563	6019
5263	6020
3361	6021
6036	6022
2773	6023
7084	6024
3937	6025
1029	6026
552	6027
9357	6028
1570	6029
44	6030
2342	6031
6596	6032
2572	6033
922	6034
509	6035
3488	6036
6157	6037
8590	6038
3681	6039
4272	6040
337	6041
4625	6042
3655	6043
4860	6044
3614	6045
6010	6046
2213	6047
3756	6048
5440	6049
8199	6050
2635	6051
9775	6052
9616	6053
8130	6054
508	6055
5750	6056
2678	6057
9254	6058
1730	6059
5116	6060
598	6061
6843	6062
9610	6063
7479	6064
3132	6065
3175	6066
7149	6067
8788	6068
7886	6069
4932	6070
8607	6071
3579	6072
6454	6073
9568	6074
83	6075
9693	6076
6776	6077
8686	6078
9375	6079
187	6080
2883	6081
5826	6082
342	6083
4262	6084
7476	6085
1727	6086
5065	6087
3682	6088
7975	6089
8629	6090
1500	6091
4132	6092
5597	6093
4748	6094
3973	6095
3290	6096
3246	6097
1938	6098
7076	6099
9514	6100
4978	6101
6079	6102
8458	6103
220	6104
5849	6105
6986	6106
3121	6107
5248	6108
9627	6109
789	6110
3128	6111
3748	6112
4841	6113
629	6114
3083	6115
5069	6116
3774	6117
7374	6118
6541	6119
852	6120
7540	6121
4602	6122
6397	6123
2638	6124
2440	6125
6015	6126
5716	6127
7232	6128
2915	6129
4264	6130
8618	6131
2165	6132
3666	6133
7493	6134
576	6135
7275	6136
4217	6137
5941	6138
722	6139
5318	6140
6048	6141
225	6142
5777	6143
5610	6144
861	6145
9663	6146
3143	6147
9356	6148
4627	6149
3888	6150
7893	6151
8290	6152
6739	6153
56	6154
3554	6155
395	6156
6093	6157
7557	6158
2617	6159
5490	6160
6689	6161
7429	6162
3778	6163
4379	6164
1039	6165
1632	6166
1071	6167
6922	6168
6303	6169
820	6170
7865	6171
6443	6172
7401	6173
4474	6174
988	6175
1661	6176
2041	6177
2636	6178
3133	6179
85	6180
3492	6181
8507	6182
3831	6183
5	6184
6706	6185
1206	6186
728	6187
3785	6188
8943	6189
2301	6190
5530	6191
2528	6192
7325	6193
1147	6194
7646	6195
7028	6196
1149	6197
7932	6198
5898	6199
6639	6200
3455	6201
3522	6202
8254	6203
5414	6204
3758	6205
3771	6206
6330	6207
6851	6208
2980	6209
6197	6210
5584	6211
3302	6212
829	6213
2921	6214
1833	6215
2839	6216
2032	6217
617	6218
5444	6219
73	6220
5576	6221
3577	6222
2598	6223
5429	6224
7600	6225
4657	6226
6531	6227
7534	6228
4450	6229
4480	6230
5816	6231
5249	6232
914	6233
6053	6234
120	6235
6127	6236
957	6237
4430	6238
3832	6239
3830	6240
9513	6241
749	6242
2698	6243
5472	6244
4944	6245
2436	6246
3303	6247
5946	6248
5350	6249
4551	6250
6549	6251
1648	6252
7721	6253
9645	6254
4260	6255
5196	6256
5405	6257
1277	6258
2856	6259
4405	6260
5895	6261
782	6262
7677	6263
778	6264
9144	6265
4985	6266
8078	6267
5200	6268
4735	6269
18	6270
10	6271
5008	6272
368	6273
283	6274
9562	6275
5614	6276
2093	6277
7816	6278
5691	6279
8712	6280
7520	6281
8193	6282
175	6283
5570	6284
3659	6285
7014	6286
7199	6287
1276	6288
8515	6289
2581	6290
8986	6291
8422	6292
7302	6293
1117	6294
8002	6295
6612	6296
9542	6297
7200	6298
772	6299
265	6300
2862	6301
5247	6302
1240	6303
7490	6304
3482	6305
2120	6306
2354	6307
425	6308
9451	6309
5508	6310
4072	6311
9099	6312
6013	6313
699	6314
8730	6315
6115	6316
2058	6317
4479	6318
3041	6319
6756	6320
8876	6321
7820	6322
7097	6323
5230	6324
5598	6325
3341	6326
2840	6327
2383	6328
94	6329
9053	6330
720	6331
5770	6332
6248	6333
9146	6334
9227	6335
4247	6336
1931	6337
6904	6338
5300	6339
7394	6340
4905	6341
3063	6342
3690	6343
8462	6344
8066	6345
5790	6346
3807	6347
8813	6348
5877	6349
4527	6350
4212	6351
2932	6352
8894	6353
7143	6354
8040	6355
1899	6356
1827	6357
3593	6358
1508	6359
5391	6360
4288	6361
2387	6362
3277	6363
6371	6364
267	6365
3483	6366
2537	6367
9658	6368
5947	6369
5734	6370
8804	6371
143	6372
253	6373
5918	6374
8706	6375
9156	6376
8969	6377
1293	6378
3793	6379
8426	6380
8920	6381
6204	6382
5431	6383
7327	6384
3808	6385
1925	6386
1249	6387
6322	6388
1567	6389
9547	6390
9621	6391
5609	6392
6703	6393
3051	6394
7630	6395
2346	6396
7257	6397
7599	6398
8118	6399
4429	6400
793	6401
8880	6402
3141	6403
4274	6404
2538	6405
3607	6406
9358	6407
1637	6408
8873	6409
3	6410
2970	6411
4185	6412
4394	6413
9218	6414
3621	6415
6037	6416
9458	6417
583	6418
8729	6419
9671	6420
7273	6421
3257	6422
9528	6423
128	6424
1234	6425
1782	6426
4453	6427
2487	6428
2543	6429
4712	6430
3717	6431
538	6432
6539	6433
7753	6434
6556	6435
5994	6436
3934	6437
6201	6438
6078	6439
9151	6440
37	6441
6951	6442
9418	6443
4831	6444
3910	6445
1292	6446
7754	6447
2241	6448
6045	6449
2763	6450
3946	6451
8766	6452
3344	6453
3685	6454
4097	6455
3391	6456
8102	6457
1798	6458
7478	6459
3893	6460
1697	6461
7578	6462
684	6463
8928	6464
9605	6465
1956	6466
1643	6467
5505	6468
9080	6469
1807	6470
8005	6471
2559	6472
4075	6473
6494	6474
9417	6475
6231	6476
2431	6477
9242	6478
4765	6479
2177	6480
208	6481
5967	6482
2807	6483
2680	6484
9635	6485
6067	6486
6511	6487
3113	6488
229	6489
1521	6490
8223	6491
8053	6492
8767	6493
5064	6494
2409	6495
2541	6496
2451	6497
241	6498
831	6499
5083	6500
7012	6501
3296	6502
2666	6503
7868	6504
9209	6505
5504	6506
6035	6507
7902	6508
9582	6509
1787	6510
4026	6511
7923	6512
4151	6513
5374	6514
5938	6515
9353	6516
38	6517
619	6518
5166	6519
5885	6520
6715	6521
9133	6522
2148	6523
9503	6524
67	6525
867	6526
7311	6527
4758	6528
2178	6529
7126	6530
1476	6531
9212	6532
7825	6533
458	6534
9519	6535
3815	6536
4935	6537
5	6538
2030	6539
7903	6540
8599	6541
3903	6542
248	6543
6607	6544
3539	6545
5933	6546
9256	6547
8692	6548
3736	6549
4757	6550
389	6551
1145	6552
6872	6553
8259	6554
4492	6555
3212	6556
8881	6557
7681	6558
2739	6559
1166	6560
9603	6561
4868	6562
3856	6563
6890	6564
9269	6565
364	6566
8656	6567
5006	6568
85	6569
5324	6570
9588	6571
2254	6572
1119	6573
8224	6574
5992	6575
8357	6576
8415	6577
7817	6578
6985	6579
1342	6580
7827	6581
4553	6582
8638	6583
2243	6584
7249	6585
7741	6586
7559	6587
6170	6588
6344	6589
1104	6590
1945	6591
8541	6592
1075	6593
3357	6594
3553	6595
5108	6596
7293	6597
6719	6598
9291	6599
8555	6600
2186	6601
7118	6602
7142	6603
6321	6604
3089	6605
4794	6606
3589	6607
7240	6608
1468	6609
5290	6610
9325	6611
9383	6612
3513	6613
9496	6614
6829	6615
2132	6616
438	6617
899	6618
8477	6619
5106	6620
9509	6621
9398	6622
516	6623
8658	6624
7307	6625
5896	6626
8172	6627
4402	6628
612	6629
4146	6630
3229	6631
6840	6632
8511	6633
5547	6634
6848	6635
5299	6636
4725	6637
1747	6638
2402	6639
4123	6640
2365	6641
7775	6642
169	6643
8762	6644
2173	6645
689	6646
8372	6647
1408	6648
9287	6649
2321	6650
855	6651
3853	6652
7509	6653
1977	6654
582	6655
1765	6656
1789	6657
7717	6658
6287	6659
2331	6660
9661	6661
1189	6662
7543	6663
865	6664
2733	6665
8179	6666
1565	6667
4675	6668
470	6669
5972	6670
6066	6671
6219	6672
1035	6673
8011	6674
2317	6675
449	6676
2603	6677
3835	6678
1229	6679
7441	6680
9054	6681
6603	6682
7336	6683
1370	6684
1330	6685
3688	6686
950	6687
2282	6688
7693	6689
807	6690
716	6691
887	6692
7023	6693
9248	6694
1034	6695
9203	6696
6581	6697
6535	6698
6232	6699
5725	6700
7292	6701
7579	6702
6314	6703
3871	6704
9142	6705
2886	6706
1222	6707
9730	6708
2719	6709
7576	6710
1053	6711
3699	6712
5631	6713
3841	6714
7230	6715
9640	6716
7880	6717
7187	6718
3775	6719
1936	6720
8625	6721
2929	6722
2450	6723
7569	6724
6795	6725
3031	6726
8229	6727
163	6728
7015	6729
9673	6730
4951	6731
6792	6732
9344	6733
2631	6734
5322	6735
631	6736
1791	6737
2377	6738
8239	6739
8953	6740
9088	6741
9210	6742
6333	6743
5583	6744
520	6745
3439	6746
7583	6747
2107	6748
2532	6749
7849	6750
285	6751
67	6752
4156	6753
7901	6754
7133	6755
1273	6756
8972	6757
5910	6758
2158	6759
9281	6760
6801	6761
7877	6762
122	6763
1947	6764
8647	6765
1113	6766
3272	6767
8875	6768
9162	6769
5142	6770
6414	6771
8299	6772
115	6773
2136	6774
9419	6775
5921	6776
7582	6777
7486	6778
3002	6779
5905	6780
4691	6781
3099	6782
7918	6783
4842	6784
9664	6785
9197	6786
8674	6787
9563	6788
3811	6789
2968	6790
8035	6791
9183	6792
8038	6793
384	6794
3746	6795
9110	6796
3487	6797
3188	6798
2702	6799
322	6800
2708	6801
3649	6802
7916	6803
5577	6804
1882	6805
8749	6806
6868	6807
8862	6808
3626	6809
4396	6810
7809	6811
124	6812
7006	6813
901	6814
2675	6815
8934	6816
5641	6817
763	6818
5367	6819
8715	6820
3767	6821
8917	6822
2898	6823
5446	6824
74	6825
1775	6826
9632	6827
7203	6828
2048	6829
7	6830
9150	6831
8262	6832
2681	6833
8449	6834
3423	6835
9518	6836
5929	6837
9271	6838
4340	6839
4310	6840
9186	6841
8026	6842
4690	6843
7936	6844
2764	6845
2345	6846
199	6847
19	6848
9149	6849
1427	6850
1821	6851
3528	6852
80	6853
2977	6854
1445	6855
2629	6856
1786	6857
226	6858
1376	6859
1006	6860
2174	6861
3905	6862
71	6863
9275	6864
4701	6865
4633	6866
2276	6867
1253	6868
8333	6869
7188	6870
869	6871
7462	6872
6341	6873
6352	6874
9315	6875
4092	6876
933	6877
3617	6878
9623	6879
2786	6880
8523	6881
4189	6882
8112	6883
4823	6884
9011	6885
2641	6886
2873	6887
4191	6888
9760	6889
3916	6890
3678	6891
1295	6892
3516	6893
8937	6894
8386	6895
8519	6896
8623	6897
8021	6898
9194	6899
7818	6900
2964	6901
1542	6902
4635	6903
1080	6904
6126	6905
997	6906
1401	6907
8396	6908
5492	6909
6871	6910
1331	6911
6913	6912
4419	6913
5541	6914
9101	6915
8669	6916
4131	6917
594	6918
2838	6919
1	6920
406	6921
8760	6922
1038	6923
8319	6924
3068	6925
6382	6926
7152	6927
6016	6928
4334	6929
6761	6930
4456	6931
6660	6932
313	6933
1081	6934
632	6935
3475	6936
3732	6937
1116	6938
2689	6939
9206	6940
5703	6941
9773	6942
2558	6943
593	6944
5063	6945
4686	6946
6662	6947
645	6948
6113	6949
8488	6950
1224	6951
8918	6952
9689	6953
8263	6954
9163	6955
8530	6956
7036	6957
7352	6958
3543	6959
3874	6960
626	6961
2430	6962
6981	6963
7216	6964
3525	6965
7334	6966
7282	6967
8956	6968
1055	6969
7794	6970
6140	6971
2123	6972
5402	6973
103	6974
396	6975
3838	6976
623	6977
9016	6978
679	6979
2	6980
2711	6981
1859	6982
8733	6983
7731	6984
136	6985
5301	6986
7215	6987
8924	6988
4319	6989
8039	6990
401	6991
1066	6992
5450	6993
1000	6994
5557	6995
6475	6996
3053	6997
4313	6998
3174	6999
7093	7000
3998	7001
1694	7002
9414	7003
369	7004
4463	7005
5812	7006
4270	7007
3207	7008
8335	7009
5942	7010
9590	7011
2709	7012
7758	7013
2240	7014
3442	7015
6802	7016
6122	7017
7642	7018
3751	7019
6876	7020
6613	7021
847	7022
876	7023
3029	7024
467	7025
8017	7026
1932	7027
3943	7028
5311	7029
8015	7030
2078	7031
6743	7032
828	7033
9115	7034
9427	7035
6307	7036
7463	7037
729	7038
3285	7039
3757	7040
6982	7041
2590	7042
1443	7043
8153	7044
3350	7045
4415	7046
5436	7047
7079	7048
9644	7049
1772	7050
6329	7051
4915	7052
5833	7053
8961	7054
1603	7055
5773	7056
4983	7057
2204	7058
8305	7059
1051	7060
6849	7061
811	7062
5957	7063
6767	7064
7757	7065
4389	7066
6651	7067
1087	7068
5749	7069
417	7070
9381	7071
9397	7072
320	7073
4598	7074
428	7075
8600	7076
6862	7077
1914	7078
4573	7079
1676	7080
8672	7081
2259	7082
8124	7083
616	7084
2552	7085
6040	7086
9609	7087
6400	7088
5107	7089
488	7090
6554	7091
5550	7092
5595	7093
6553	7094
1	7095
323	7096
345	7097
3092	7098
1803	7099
8585	7100
2466	7101
2889	7102
4117	7103
6648	7104
5115	7105
5909	7106
5807	7107
7889	7108
9619	7109
2738	7110
8579	7111
7515	7112
1627	7113
8945	7114
8310	7115
2780	7116
7323	7117
6517	7118
3837	7119
178	7120
3942	7121
3634	7122
5095	7123
3330	7124
4002	7125
276	7126
7044	7127
6361	7128
6070	7129
1280	7130
5175	7131
2412	7132
7815	7133
1700	7134
9221	7135
3719	7136
5828	7137
6107	7138
5100	7139
2304	7140
7380	7141
5070	7142
2091	7143
474	7144
1910	7145
8867	7146
1326	7147
7260	7148
9577	7149
1520	7150
7252	7151
4088	7152
212	7153
8125	7154
9660	7155
8763	7156
9735	7157
2815	7158
8603	7159
5498	7160
6778	7161
71	7162
5426	7163
26	7164
8900	7165
5791	7166
6712	7167
3901	7168
4519	7169
1631	7170
8798	7171
984	7172
1498	7173
250	7174
5117	7175
5661	7176
3432	7177
3039	7178
7761	7179
7289	7180
388	7181
1246	7182
1340	7183
641	7184
3192	7185
6190	7186
2061	7187
4161	7188
8348	7189
3828	7190
1400	7191
6192	7192
3466	7193
28	7194
7387	7195
6404	7196
41	7197
12	7198
5478	7199
5848	7200
6780	7201
1999	7202
6980	7203
2868	7204
5140	7205
4418	7206
4716	7207
6547	7208
6324	7209
462	7210
7806	7211
8940	7212
8174	7213
8935	7214
8202	7215
1444	7216
6009	7217
7156	7218
4371	7219
7965	7220
8424	7221
537	7222
1135	7223
4818	7224
9173	7225
6946	7226
3993	7227
6891	7228
7135	7229
38	7230
2592	7231
7141	7232
673	7233
9732	7234
2573	7235
7055	7236
7330	7237
2210	7238
5103	7239
3711	7240
7102	7241
604	7242
3230	7243
8904	7244
4545	7245
2632	7246
3194	7247
475	7248
801	7249
8163	7250
8899	7251
9230	7252
8665	7253
2290	7254
2258	7255
9554	7256
1825	7257
2305	7258
1068	7259
1792	7260
7648	7261
8207	7262
9179	7263
6228	7264
530	7265
7408	7266
2296	7267
3512	7268
9091	7269
3716	7270
7682	7271
8308	7272
1737	7273
148	7274
8283	7275
6977	7276
3574	7277
5752	7278
3186	7279
1454	7280
7210	7281
249	7282
5866	7283
6116	7284
7176	7285
3501	7286
6242	7287
7392	7288
9729	7289
8275	7290
6614	7291
2715	7292
7451	7293
7040	7294
50	7295
5074	7296
4208	7297
6133	7298
6138	7299
5104	7300
6137	7301
1333	7302
4410	7303
5593	7304
3972	7305
1716	7306
4102	7307
9411	7308
3130	7309
7122	7310
3463	7311
2563	7312
1182	7313
4424	7314
4240	7315
9614	7316
5062	7317
7665	7318
1524	7319
9733	7320
1405	7321
404	7322
503	7323
2601	7324
5434	7325
3088	7326
7473	7327
108	7328
4145	7329
1635	7330
5916	7331
3342	7332
7661	7333
7048	7334
6503	7335
1591	7336
3120	7337
3646	7338
7618	7339
5980	7340
7259	7341
315	7342
1316	7343
316	7344
3648	7345
182	7346
3640	7347
8050	7348
3647	7349
182	7350
1704	7351
9097	7352
8886	7353
5981	7354
56	7355
6724	7356
4213	7357
788	7358
9625	7359
8150	7360
3434	7361
5088	7362
1846	7363
4048	7364
3932	7365
8741	7366
9728	7367
3931	7368
8353	7369
708	7370
8797	7371
1601	7372
5124	7373
3921	7374
3298	7375
3814	7376
8640	7377
2007	7378
2229	7379
7317	7380
9741	7381
6873	7382
169	7383
7150	7384
3347	7385
5580	7386
2376	7387
6396	7388
1266	7389
2009	7390
8116	7391
7338	7392
7862	7393
5963	7394
3568	7395
5052	7396
6007	7397
8093	7398
9598	7399
9032	7400
3171	7401
9219	7402
4643	7403
8581	7404
7361	7405
1183	7406
4903	7407
1436	7408
8518	7409
3191	7410
5681	7411
1171	7412
1425	7413
1699	7414
9783	7415
1614	7416
4149	7417
7718	7418
890	7419
3491	7420
4086	7421
7171	7422
5199	7423
7709	7424
3059	7425
1033	7426
15	7427
1579	7428
3956	7429
3507	7430
9111	7431
9762	7432
2740	7433
1398	7434
7571	7435
7612	7436
2560	7437
187	7438
431	7439
7016	7440
2362	7441
5156	7442
7836	7443
7037	7444
1472	7445
8298	7446
3970	7447
7708	7448
4377	7449
1552	7450
9718	7451
7622	7452
2737	7453
7370	7454
8927	7455
92	7456
6484	7457
191	7458
4877	7459
7824	7460
1452	7461
8250	7462
6230	7463
4197	7464
4458	7465
7009	7466
243	7467
1501	7468
2630	7469
3073	7470
4736	7471
4703	7472
4626	7473
6008	7474
8738	7475
5019	7476
1543	7477
4168	7478
4190	7479
6499	7480
194	7481
9487	7482
8632	7483
7396	7484
1486	7485
190	7486
6972	7487
3307	7488
995	7489
1667	7490
7399	7491
5944	7492
134	7493
6608	7494
1411	7495
3662	7496
5566	7497
7190	7498
2202	7499
1281	7500
183	7501
207	7502
795	7503
4659	7504
8414	7505
8444	7506
7465	7507
4001	7508
2143	7509
2116	7510
6349	7511
5776	7512
4628	7513
767	7514
6362	7515
2338	7516
1140	7517
3339	7518
5617	7519
3411	7520
4469	7521
1961	7522
8936	7523
464	7524
2052	7525
7743	7526
2408	7527
931	7528
2159	7529
951	7530
7468	7531
5040	7532
127	7533
8376	7534
5883	7535
9034	7536
3969	7537
3907	7538
8479	7539
8483	7540
8486	7541
1709	7542
143	7543
6496	7544
9188	7545
8461	7546
5574	7547
5948	7548
8971	7549
9259	7550
9515	7551
35	7552
734	7553
2990	7554
4040	7555
4702	7556
8273	7557
6611	7558
9639	7559
62	7560
105	7561
2729	7562
1855	7563
8381	7564
9359	7565
9231	7566
3332	7567
3641	7568
5237	7569
79	7570
2800	7571
3292	7572
5993	7573
4815	7574
596	7575
1624	7576
4544	7577
9642	7578
2002	7579
7106	7580
8554	7581
1218	7582
4937	7583
571	7584
542	7585
6087	7586
4855	7587
8855	7588
1480	7589
9065	7590
2055	7591
4056	7592
4925	7593
4737	7594
6363	7595
4282	7596
1972	7597
7730	7598
3794	7599
4164	7600
1483	7601
1490	7602
1680	7603
2806	7604
1751	7605
9330	7606
7984	7607
862	7608
6271	7609
8243	7610
8877	7611
776	7612
1129	7613
9541	7614
7253	7615
6857	7616
668	7617
5051	7618
2609	7619
7724	7620
2633	7621
5377	7622
1949	7623
2439	7624
3058	7625
987	7626
9093	7627
6222	7628
6250	7629
2033	7630
4631	7631
422	7632
5635	7633
9399	7634
6209	7635
42	7636
3314	7637
3148	7638
5078	7639
9580	7640
3590	7641
8921	7642
1873	7643
8789	7644
481	7645
210	7646
4171	7647
1410	7648
7607	7649
7914	7650
2483	7651
5092	7652
257	7653
7894	7654
2074	7655
4444	7656
2255	7657
5053	7658
2245	7659
2176	7660
8267	7661
8121	7662
2761	7663
5608	7664
1981	7665
5495	7666
6654	7667
1418	7668
8419	7669
4110	7670
2129	7671
7170	7672
9721	7673
5469	7674
454	7675
818	7676
5786	7677
9075	7678
7092	7679
7381	7680
28	7681
9023	7682
5160	7683
8949	7684
9706	7685
512	7686
6210	7687
1248	7688
2232	7689
3333	7690
4947	7691
290	7692
8820	7693
5430	7694
8474	7695
5676	7696
1497	7697
3818	7698
738	7699
4581	7700
9701	7701
44	7702
599	7703
308	7704
954	7705
8230	7706
94	7707
5779	7708
2772	7709
6331	7710
3587	7711
7556	7712
3030	7713
1553	7714
5054	7715
5362	7716
2753	7717
4658	7718
1556	7719
923	7720
4080	7721
1848	7722
8162	7723
5121	7724
2549	7725
2144	7726
8770	7727
7489	7728
2269	7729
1204	7730
7045	7731
2767	7732
8136	7733
4565	7734
6649	7735
1777	7736
1575	7737
6676	7738
7931	7739
1202	7740
4883	7741
4683	7742
2484	7743
3279	7744
414	7745
2473	7746
3240	7747
9244	7748
4500	7749
2923	7750
2987	7751
7811	7752
8571	7753
9037	7754
7450	7755
6086	7756
1017	7757
8088	7758
2627	7759
5128	7760
7561	7761
4801	7762
4700	7763
7554	7764
7879	7765
5824	7766
1967	7767
8627	7768
6678	7769
4621	7770
138	7771
7539	7772
1806	7773
2373	7774
6418	7775
8455	7776
9705	7777
760	7778
8815	7779
3692	7780
8318	7781
9553	7782
7217	7783
2933	7784
5650	7785
9695	7786
751	7787
1270	7788
5727	7789
6131	7790
4442	7791
649	7792
59	7793
6618	7794
4762	7795
1185	7796
5003	7797
9597	7798
730	7799
2197	7800
5760	7801
7353	7802
1133	7803
696	7804
1208	7805
1854	7806
6410	7807
872	7808
9196	7809
8392	7810
8164	7811
2942	7812
2075	7813
3299	7814
4595	7815
3616	7816
2843	7817
5970	7818
4821	7819
2134	7820
4372	7821
9223	7822
1707	7823
3417	7824
4720	7825
6667	7826
3850	7827
7814	7828
2368	7829
9484	7830
4708	7831
6327	7832
6022	7833
123	7834
8484	7835
5254	7836
3650	7837
9407	7838
1641	7839
485	7840
7662	7841
3883	7842
9086	7843
1371	7844
1758	7845
4238	7846
2191	7847
181	7848
6247	7849
6720	7850
7560	7851
4342	7852
6402	7853
8787	7854
8915	7855
3503	7856
8529	7857
6979	7858
4244	7859
2087	7860
5187	7861
6516	7862
5596	7863
2690	7864
5212	7865
928	7866
1093	7867
6775	7868
5705	7869
8722	7870
9779	7871
2428	7872
5688	7873
5149	7874
89	7875
8456	7876
4413	7877
4004	7878
6813	7879
9317	7880
5359	7881
9536	7882
7221	7883
4162	7884
7391	7885
1327	7886
3335	7887
2596	7888
8135	7889
58	7890
3796	7891
5821	7892
7002	7893
4242	7894
5397	7895
3478	7896
8416	7897
2801	7898
6987	7899
4494	7900
1350	7901
2754	7902
5744	7903
3693	7904
4542	7905
9100	7906
3597	7907
5814	7908
7328	7909
5893	7910
9079	7911
7705	7912
4465	7913
359	7914
3023	7915
8774	7916
9443	7917
5316	7918
3544	7919
6061	7920
9262	7921
1434	7922
1391	7923
2958	7924
4829	7925
5644	7926
5811	7927
8242	7928
8220	7929
86	7930
9390	7931
7481	7932
7985	7933
6211	7934
7796	7935
9479	7936
2099	7937
2288	7938
3604	7939
4207	7940
8203	7941
5553	7942
672	7943
4201	7944
9318	7945
9537	7946
8020	7947
9319	7948
7027	7949
9512	7950
5674	7951
2809	7952
9466	7953
4729	7954
4015	7955
3890	7956
8812	7957
1114	7958
2293	7959
3025	7960
7703	7961
2894	7962
1008	7963
5679	7964
998	7965
4813	7966
299	7967
8568	7968
9096	7969
102	7970
5001	7971
3319	7972
3095	7973
9465	7974
3452	7975
5989	7976
5908	7977
4010	7978
9024	7979
9061	7980
6477	7981
3712	7982
4230	7983
1467	7984
2053	7985
2477	7986
7375	7987
4250	7988
7898	7989
644	7990
1901	7991
6279	7992
5375	7993
8342	7994
7701	7995
2949	7996
628	7997
7674	7998
8510	7999
4287	8000
146	8001
472	8002
3925	8003
5589	8004
3461	8005
8661	8006
2399	8007
737	8008
487	8009
7300	8010
7269	8011
2831	8012
6283	8013
7987	8014
3465	8015
3306	8016
8556	8017
2054	8018
3215	8019
5565	8020
8057	8021
7991	8022
2519	8023
4793	8024
2164	8025
1923	8026
2492	8027
3855	8028
6413	8029
264	8030
8176	8031
7848	8032
7733	8033
2637	8034
6457	8035
4764	8036
4756	8037
8217	8038
3843	8039
1984	8040
5305	8041
907	8042
660	8043
8667	8044
4440	8045
1131	8046
2039	8047
9702	8048
7838	8049
180	8050
7243	8051
4909	8052
6760	8053
1134	8054
11	8055
4181	8056
690	8057
179	8058
9456	8059
184	8060
5257	8061
8401	8062
5503	8063
860	8064
6908	8065
2225	8066
5519	8067
8214	8068
6978	8069
9152	8070
2795	8071
7516	8072
4666	8073
1752	8074
7172	8075
3620	8076
4887	8077
7764	8078
5268	8079
3394	8080
8580	8081
5493	8082
7351	8083
6762	8084
5516	8085
2212	8086
2128	8087
5037	8088
3136	8089
2425	8090
2994	8091
5024	8092
4166	8093
1660	8094
193	8095
3550	8096
4733	8097
7874	8098
9373	8099
1355	8100
8470	8101
8469	8102
5386	8103
3939	8104
270	8105
948	8106
5191	8107
2848	8108
3787	8109
4504	8110
6899	8111
3472	8112
8854	8113
2273	8114
4179	8115
4273	8116
9267	8117
9469	8118
6881	8119
409	8120
1083	8121
3378	8122
411	8123
9446	8124
8824	8125
3684	8126
6637	8127
88	8128
6328	8129
6151	8130
7740	8131
1731	8132
8142	8133
101	8134
2734	8135
753	8136
7339	8137
4576	8138
2270	8139
709	8140
5506	8141
30	8142
4825	8143
4896	8144
2808	8145
7855	8146
2112	8147
3902	8148
8370	8149
3149	8150
8995	8151
1993	8152
2930	8153
3900	8154
2456	8155
6731	8156
3097	8157
7298	8158
1761	8159
4147	8160
9279	8161
2913	8162
1915	8163
8547	8164
5871	8165
3495	8166
1804	8167
6933	8168
4826	8169
1888	8170
9485	8171
547	8172
9494	8173
1706	8174
5764	8175
1372	8176
66	8177
563	8178
6409	8179
8068	8180
131	8181
9686	8182
383	8183
1684	8184
302	8185
451	8186
4854	8187
6504	8188
3498	8189
1169	8190
6480	8191
8635	8192
3800	8193
7448	8194
1572	8195
7500	8196
2336	8197
6427	8198
2830	8199
7963	8200
3989	8201
2857	8202
6163	8203
1451	8204
4283	8205
4786	8206
6999	8207
5273	8208
8317	8209
6429	8210
2860	8211
779	8212
2458	8213
2413	8214
6615	8215
142	8216
8081	8217
4428	8218
5632	8219
5820	8220
8546	8221
5615	8222
5246	8223
8564	8224
7475	8225
6438	8226
2138	8227
92	8228
4853	8229
3387	8230
8435	8231
1892	8232
8000	8233
8916	8234
3152	8235
9201	8236
8024	8237
3809	8238
1992	8239
7864	8240
4638	8241
5260	8242
1588	8243
2647	8244
4140	8245
6626	8246
7113	8247
1287	8248
4926	8249
6003	8250
6214	8251
6811	8252
8903	8253
3783	8254
3275	8255
7694	8256
2236	8257
8255	8258
2877	8259
1437	8260
3873	8261
4104	8262
3390	8263
6082	8264
6294	8265
2004	8266
7196	8267
4539	8268
6803	8269
9239	8270
3985	8271
2391	8272
1142	8273
2567	8274
7160	8275
8687	8276
8757	8277
3156	8278
3844	8279
6095	8280
8619	8281
3404	8282
8165	8283
1	8284
57	8285
1430	8286
2854	8287
6089	8288
1282	8289
7457	8290
6870	8291
8492	8292
7570	8293
7558	8294
2474	8295
4280	8296
309	8297
486	8298
9278	8299
4998	8300
4315	8301
5830	8302
6459	8303
8750	8304
845	8305
7598	8306
4295	8307
4676	8308
7919	8309
7184	8310
6704	8311
2787	8312
1863	8313
573	8314
4182	8315
2452	8316
75	8317
9363	8318
664	8319
8274	8320
126	8321
5581	8322
5221	8323
6389	8324
1896	8325
9669	8326
1886	8327
4857	8328
9199	8329
6143	8330
2264	8331
1986	8332
4338	8333
7320	8334
8472	8335
8181	8336
8776	8337
1247	8338
7134	8339
5719	8340
6740	8341
5700	8342
9665	8343
8397	8344
5711	8345
9366	8346
5036	8347
5960	8348
8850	8349
3437	8350
768	8351
5572	8352
8872	8353
1817	8354
7119	8355
5487	8356
1096	8357
5521	8358
7456	8359
5445	8360
3327	8361
1639	8362
6580	8363
905	8364
6185	8365
2696	8366
5306	8367
8567	8368
456	8369
7623	8370
2081	8371
4353	8372
4738	8373
8166	8374
8783	8375
1013	8376
3611	8377
4011	8378
1621	8379
3635	8380
5600	8381
1615	8382
9104	8383
5659	8384
1649	8385
3602	8386
7633	8387
5007	8388
9753	8389
9600	8390
6589	8391
4773	8392
3386	8393
3047	8394
2433	8395
3022	8396
3427	8397
8240	8398
7365	8399
663	8400
2135	8401
8896	8402
6525	8403
4600	8404
2568	8405
4266	8406
5582	8407
3422	8408
2505	8409
5746	8410
6152	8411
712	8412
3316	8413
9445	8414
7946	8415
3415	8416
8620	8417
7411	8418
698	8419
3374	8420
2111	8421
5448	8422
8336	8423
6229	8424
8784	8425
6583	8426
717	8427
4803	8428
5266	8429
624	8430
7737	8431
2946	8432
3300	8433
8587	8434
1750	8435
8720	8436
5013	8437
5800	8438
5172	8439
4661	8440
21	8441
2199	8442
1496	8443
8127	8444
6912	8445
8698	8446
7169	8447
4134	8448
8612	8449
3944	8450
3100	8451
7357	8452
3262	8453
35	8454
2850	8455
228	8456
3881	8457
3864	8458
298	8459
301	8460
3630	8461
6944	8462
1301	8463
6585	8464
112	8465
112	8466
1688	8467
9229	8468
5406	8469
6212	8470
765	8471
7719	8472
445	8473
3953	8474
1514	8475
8145	8476
3715	8477
812	8478
4613	8479
8624	8480
3401	8481
3625	8482
7369	8483
6300	8484
8043	8485
5068	8486
189	8487
7137	8488
2082	8489
8204	8490
8271	8491
123	8492
8382	8493
3810	8494
154	8495
2591	8496
858	8497
8856	8498
9757	8499
9263	8500
79	8501
6128	8502
1557	8503
6610	8504
5320	8505
5622	8506
293	8507
4533	8508
3197	8509
6919	8510
9123	8511
8110	8512
135	8513
5099	8514
2380	8515
750	8516
8315	8517
7096	8518
2564	8519
25	8520
3527	8521
5275	8522
9250	8523
461	8524
7989	8525
124	8526
5363	8527
7608	8528
4345	8529
3564	8530
3395	8531
8400	8532
1529	8533
1674	8534
4073	8535
1975	8536
1462	8537
9659	8538
3769	8539
482	8540
5419	8541
6850	8542
2828	8543
5627	8544
7780	8545
592	8546
7241	8547
6343	8548
9647	8549
3441	8550
5715	8551
2845	8552
1994	8553
7999	8554
3281	8555
868	8556
7263	8557
6334	8558
7276	8559
7634	8560
570	8561
59	8562
8942	8563
155	8564
7225	8565
7231	8566
7393	8567
2967	8568
8743	8569
2812	8570
5841	8571
3608	8572
8241	8573
3109	8574
1481	8575
9264	8576
5258	8577
7164	8578
5968	8579
3111	8580
8245	8581
4845	8582
3595	8583
5647	8584
6866	8585
6346	8586
5387	8587
2602	8588
5628	8589
9681	8590
1284	8591
5732	8592
6265	8593
5385	8594
715	8595
797	8596
7368	8597
1027	8598
4942	8599
5441	8600
2328	8601
141	8602
6132	8603
7847	8604
5060	8605
234	8606
4928	8607
8451	8608
1672	8609
6770	8610
7258	8611
3586	8612
5528	8613
6773	8614
5599	8615
3172	8616
6652	8617
5346	8618
3021	8619
9712	8620
39	8621
2835	8622
91	8623
9716	8624
895	8625
6885	8626
1402	8627
4532	8628
6810	8629
889	8630
5668	8631
37	8632
3199	8633
8589	8634
3629	8635
3363	8636
1657	8637
3377	8638
850	8639
5964	8640
2991	8641
142	8642
2782	8643
2447	8644
7765	8645
9436	8646
2947	8647
6377	8648
5604	8649
676	8650
5591	8651
8228	8652
6292	8653
203	8654
3980	8655
3195	8656
4747	8657
8680	8658
4439	8659
6207	8660
1609	8661
4296	8662
8343	8663
8409	8664
677	8665
8648	8666
9628	8667
6514	8668
4709	8669
8027	8670
6777	8671
7521	8672
5455	8673
3592	8674
5704	8675
1560	8676
279	8677
6436	8678
2974	8679
4518	8680
3090	8681
8700	8682
7843	8683
6200	8684
8746	8685
3450	8686
1774	8687
8653	8688
8434	8689
7132	8690
5982	8691
9478	8692
2509	8693
5215	8694
7262	8695
7256	8696
6306	8697
2861	8698
8345	8699
8219	8700
8448	8701
4783	8702
54	8703
2076	8704
4620	8705
790	8706
5737	8707
5558	8708
652	8709
3213	8710
9169	8711
4302	8712
7525	8713
4325	8714
8352	8715
6806	8716
4381	8717
2625	8718
2893	8719
9286	8720
620	8721
4050	8722
4921	8723
3178	8724
3763	8725
5417	8726
6199	8727
7265	8728
8572	8729
23	8730
3134	8731
7063	8732
1869	8733
3110	8734
4323	8735
1541	8736
3779	8737
848	8738
3078	8739
7983	8740
1669	8741
2553	8742
1205	8743
8258	8744
732	8745
6449	8746
9470	8747
5269	8748
4669	8749
5601	8750
975	8751
3410	8752
3825	8753
2880	8754
7644	8755
4328	8756
2805	8757
7180	8758
7281	8759
9388	8760
5329	8761
9511	8762
1315	8763
1058	8764
7284	8765
6478	8766
4739	8767
7913	8768
4967	8769
4971	8770
6019	8771
6223	8772
5271	8773
5043	8774
8806	8775
633	8776
6367	8777
7883	8778
8628	8779
4630	8780
4150	8781
5309	8782
9758	8783
2427	8784
3918	8785
6730	8786
5213	8787
1991	8788
784	8789
2668	8790
3878	8791
121	8792
5449	8793
3346	8794
8141	8795
6609	8796
1516	8797
5384	8798
6393	8799
262	8800
3665	8801
5468	8802
7480	8803
8003	8804
6728	8805
4411	8806
70	8807
6440	8808
1974	8809
6038	8810
3222	8811
7362	8812
2332	8813
7581	8814
5645	8815
7114	8816
412	8817
841	8818
7586	8819
9449	8820
2691	8821
5293	8822
3737	8823
3418	8824
880	8825
8782	8826
121	8827
7198	8828
4354	8829
9595	8830
9323	8831
2064	8832
2325	8833
5229	8834
9394	8835
4425	8836
1853	8837
4604	8838
9224	8839
9228	8840
2789	8841
9320	8842
9285	8843
958	8844
6751	8845
3534	8846
6241	8847
1809	8848
3220	8849
1115	8850
4081	8851
9136	8852
1001	8853
4908	8854
7193	8855
3911	8856
2676	8857
601	8858
178	8859
1600	8860
8442	8861
5132	8862
1298	8863
5914	8864
756	8865
4986	8866
7011	8867
2300	8868
2411	8869
6528	8870
4754	8871
8508	8872
3343	8873
5892	8874
4068	8875
2618	8876
6579	8877
3638	8878
3922	8879
3360	8880
6722	8881
1002	8882
7213	8883
8208	8884
1124	8885
4827	8886
8883	8887
6164	8888
9124	8889
1296	8890
9108	8891
6277	8892
6590	8893
7822	8894
2833	8895
978	8896
853	8897
4580	8898
5395	8899
1645	8900
9117	8901
3819	8902
1596	8903
7345	8904
9578	8905
2057	8906
3520	8907
3446	8908
1858	8909
4472	8910
7613	8911
3782	8912
7519	8913
7684	8914
4955	8915
2669	8916
8047	8917
2389	8918
3679	8919
3055	8920
3709	8921
4246	8922
5873	8923
5907	8924
7566	8925
6900	8926
939	8927
2386	8928
3538	8929
5934	8930
4234	8931
9423	8932
1605	8933
2014	8934
8968	8935
231	8936
565	8937
8779	8938
7008	8939
195	8940
9778	8941
3936	8942
1927	8943
1466	8944
9532	8945
3007	8946
6548	8947
8718	8948
1106	8949
172	8950
3116	8951
7038	8952
2769	8953
3124	8954
7707	8955
7346	8956
3061	8957
3801	8958
8276	8959
8831	8960
5000	8961
3849	8962
8391	8963
3535	8964
3313	8965
3728	8966
3738	8967
1919	8968
4473	8969
1679	8970
1239	8971
8096	8972
2692	8973
1650	8974
9700	8975
7541	8976
3151	8977
9249	8978
164	8979
8498	8980
6968	8981
7738	8982
4094	8983
5080	8984
2881	8985
8480	8986
6936	8987
4497	8988
1245	8989
3159	8990
78	8991
2171	8992
9	8993
6290	8994
2657	8995
3990	8996
8843	8997
373	8998
3743	8999
8403	9000
30	9001
3070	9002
785	9003
8754	9004
7501	9005
7485	9006
9670	9007
5154	9008
3393	9009
7537	9010
346	9011
4141	9012
7301	9013
6335	9014
5518	9015
8593	9016
5794	9017
822	9018
1201	9019
6555	9020
1492	9021
6723	9022
7272	9023
5192	9024
2520	9025
7261	9026
783	9027
7781	9028
7271	9029
7997	9030
7268	9031
8981	9032
8984	9033
1143	9034
6342	9035
2955	9036
2866	9037
5788	9038
3048	9039
106	9040
9393	9041
4579	9042
6285	9043
6091	9044
5261	9045
3945	9046
5168	9047
9740	9048
5349	9049
2211	9050
8101	9051
8192	9052
6764	9053
1494	9054
4728	9055
1757	9056
2523	9057
9347	9058
5620	9059
5643	9060
8852	9061
179	9062
7976	9063
3991	9064
16	9065
8891	9066
1887	9067
2674	9068
3304	9069
87	9070
7789	9071
3044	9072
6125	9073
805	9074
4114	9075
2821	9076
7389	9077
3	9078
4972	9079
8402	9080
2161	9081
6120	9082
7174	9083
6874	9084
7508	9085
5281	9086
3663	9087
5723	9088
7653	9089
7402	9090
7446	9091
3004	9092
7993	9093
6387	9094
9713	9095
8090	9096
1847	9097
192	9098
9015	9099
81	9100
7980	9101
6818	9102
1920	9103
9161	9104
7158	9105
46	9106
1862	9107
7888	9108
5662	9109
3899	9110
2367	9111
9180	9112
7639	9113
2527	9114
4489	9115
1450	9116
6487	9117
8324	9118
175	9119
752	9120
4850	9121
6442	9122
3138	9123
8699	9124
3104	9125
606	9126
6266	9127
2	9128
6051	9129
4200	9130
5404	9131
116	9132
7348	9133
930	9134
3351	9135
5480	9136
4391	9137
8946	9138
1849	9139
4809	9140
4312	9141
9637	9142
6597	9143
9725	9144
8146	9145
232	9146
697	9147
9421	9148
3594	9149
1288	9150
2766	9151
2095	9152
3860	9153
2497	9154
8129	9155
3091	9156
7019	9157
215	9158
9460	9159
1681	9160
5863	9161
8330	9162
940	9163
2046	9164
1319	9165
4524	9166
6106	9167
8034	9168
2059	9169
6616	9170
7762	9171
5961	9172
4263	9173
6997	9174
5588	9175
8218	9176
6178	9177
3013	9178
6043	9179
9453	9180
3206	9181
4969	9182
4834	9183
8846	9184
1577	9185
6521	9186
6374	9187
314	9188
1413	9189
7178	9190
2183	9191
1198	9192
7496	9193
8281	9194
5855	9195
8781	9196
2316	9197
6470	9198
5634	9199
1922	9200
196	9201
4559	9202
808	9203
6042	9204
7195	9205
6144	9206
3876	9207
971	9208
6617	9209
6472	9210
9497	9211
4893	9212
1309	9213
8	9214
586	9215
4640	9216
7095	9217
1084	9218
2639	9219
76	9220
446	9221
8670	9222
1812	9223
2133	9224
3016	9225
4436	9226
2966	9227
3872	9228
6911	9229
1155	9230
7124	9231
6130	9232
2586	9233
1015	9234
6297	9235
6032	9236
7147	9237
5927	9238
2279	9239
2068	9240
3790	9241
7536	9242
4697	9243
3759	9244
7546	9245
7162	9246
1698	9247
1458	9248
6310	9249
6960	9250
9018	9251
3950	9252
9233	9253
8210	9254
1581	9255
2944	9256
5904	9257
9543	9258
88	9259
6510	9260
5586	9261
7962	9262
4902	9263
4495	9264
1457	9265
1926	9266
7083	9267
618	9268
7206	9269
6284	9270
4160	9271
836	9272
8711	9273
8478	9274
5214	9275
8496	9276
6861	9277
1691	9278
718	9279
4052	9280
1525	9281
5096	9282
9694	9283
4760	9284
2614	9285
1274	9286
5409	9287
9726	9288
6376	9289
4078	9290
5408	9291
160	9292
3474	9293
7687	9294
6181	9295
6700	9296
7179	9297
7186	9298
9435	9299
5606	9300
8543	9301
942	9302
7937	9303
4022	9304
1795	9305
48	9306
6123	9307
4030	9308
4759	9309
3101	9310
3979	9311
2574	9312
5712	9313
5231	9314
2168	9315
3176	9316
9739	9317
2701	9318
9040	9319
740	9320
6479	9321
9195	9322
8803	9323
1045	9324
7978	9325
8755	9326
9770	9327
6431	9328
4846	9329
2327	9330
9304	9331
704	9332
5708	9333
2449	9334
1793	9335
7857	9336
8363	9337
61	9338
4970	9339
5059	9340
1554	9341
7385	9342
6836	9343
8532	9344
1776	9345
5354	9346
292	9347
9508	9348
3093	9349
5042	9350
8696	9351
937	9352
8727	9353
6269	9354
2978	9355
5239	9356
6243	9357
7619	9358
1744	9359
2905	9360
2023	9361
8671	9362
1009	9363
9021	9364
964	9365
2723	9366
6772	9367
4382	9368
240	9369
434	9370
5484	9371
5219	9372
3652	9373
5835	9374
1098	9375
4655	9376
666	9377
6574	9378
8694	9379
746	9380
8594	9381
6909	9382
1278	9383
803	9384
168	9385
7228	9386
5996	9387
9382	9388
6898	9389
3961	9390
5357	9391
3119	9392
7287	9393
4847	9394
7099	9395
3135	9396
154	9397
5148	9398
4390	9399
8147	9400
2000	9401
8191	9402
2214	9403
1629	9404
5652	9405
3660	9406
541	9407
2624	9408
2730	9409
2340	9410
7998	9411
3193	9412
6747	9413
6595	9414
5930	9415
6029	9416
7297	9417
5509	9418
2044	9419
8395	9420
5056	9421
4129	9422
86	9423
3359	9424
1823	9425
4031	9426
9106	9427
4515	9428
4144	9429
3389	9430
7043	9431
3054	9432
8758	9433
405	9434
2972	9435
3416	9436
4977	9437
4830	9438
7425	9439
2353	9440
7458	9441
3046	9442
7324	9443
3866	9444
7551	9445
1640	9446
8443	9447
8505	9448
5822	9449
4027	9450
1523	9451
1023	9452
6063	9453
7030	9454
3241	9455
202	9456
7821	9457
1644	9458
4672	9459
3904	9460
6755	9461
4009	9462
198	9463
8411	9464
2320	9465
1325	9466
130	9467
6432	9468
9464	9469
2326	9470
4446	9471
9687	9472
5302	9473
13	9474
8793	9475
1396	9476
5202	9477
9461	9478
8527	9479
7647	9480
1885	9481
9326	9482
8464	9483
3572	9484
3232	9485
1021	9486
8951	9487
7072	9488
3735	9489
3254	9490
45	9491
5670	9492
7227	9493
7782	9494
4404	9495
3547	9496
745	9497
8765	9498
2960	9499
965	9500
7799	9501
7277	9502
6506	9503
8362	9504
4297	9505
6108	9506
5055	9507
7788	9508
588	9509
1663	9510
4852	9511
1020	9512
70	9513
5533	9514
1313	9515
7691	9516
8560	9517
7075	9518
6155	9519
2306	9520
1484	9521
9125	9522
2471	9523
7313	9524
8049	9525
216	9526
4121	9527
7726	9528
9160	9529
1449	9530
3168	9531
162	9532
9367	9533
7735	9534
1461	9535
3879	9536
1322	9537
7845	9538
6644	9539
3714	9540
1310	9541
4276	9542
2122	9543
6989	9544
8433	9545
5795	9546
7628	9547
2722	9548
7969	9549
1226	9550
1564	9551
8186	9552
744	9553
2026	9554
9545	9555
4426	9556
8292	9557
2983	9558
6975	9559
1043	9560
5847	9561
5351	9562
8494	9563
9333	9564
5953	9565
5876	9566
8059	9567
4520	9568
6695	9569
3398	9570
3286	9571
2163	9572
2670	9573
5720	9574
8225	9575
6298	9576
190	9577
8545	9578
1788	9579
6669	9580
73	9581
8338	9582
7161	9583
6240	9584
2056	9585
6313	9586
5238	9587
151	9588
8007	9589
1620	9590
4455	9591
3654	9592
6901	9593
1890	9594
6928	9595
2540	9596
152	9597
7235	9598
8159	9599
5122	9600
1139	9601
2244	9602
4438	9603
111	9604
8994	9605
3033	9606
1893	9607
6492	9608
2381	9609
1359	9610
335	9611
9362	9612
185	9613
8504	9614
2337	9615
9145	9616
8939	9617
9488	9618
8513	9619
2277	9620
319	9621
5690	9622
491	9623
9715	9624
162	9625
9579	9626
4368	9627
8542	9628
5875	9629
8857	9630
2172	9631
2746	9632
3506	9633
9189	9634
398	9635
7424	9636
4053	9637
6056	9638
8157	9639
9459	9640
8072	9641
110	9642
6291	9643
7109	9644
6880	9645
9300	9646
5278	9647
2731	9648
4884	9649
1710	9650
3750	9651
4900	9652
1766	9653
4090	9654
5667	9655
9266	9656
2167	9657
200	9658
3399	9659
4176	9660
9377	9661
3909	9662
3997	9663
3885	9664
8682	9665
4812	9666
1550	9667
3566	9668
7840	9669
5912	9670
3445	9671
8860	9672
3425	9673
4872	9674
327	9675
7696	9676
6489	9677
1019	9678
7745	9679
8441	9680
3994	9681
155	9682
5097	9683
3598	9684
3235	9685
9489	9686
2312	9687
6439	9688
473	9689
2445	9690
9070	9691
1906	9692
3897	9693
6411	9694
7689	9695
4973	9696
4268	9697
6239	9698
7933	9699
8869	9700
174	9701
3789	9702
5307	9703
3210	9704
4713	9705
2415	9706
5163	9707
9288	9708
3072	9709
3695	9710
2817	9711
2570	9712
1587	9713
2455	9714
5475	9715
8029	9716
7129	9717
4528	9718
5986	9719
2671	9720
8601	9721
4	9722
6500	9723
9480	9724
2748	9725
7529	9726
5028	9727
3798	9728
8010	9729
352	9730
8168	9731
7427	9732
1940	9733
1181	9734
2394	9735
6591	9736
2242	9737
5109	9738
8988	9739
4388	9740
7146	9741
9606	9742
3368	9743
3366	9744
4974	9745
502	9746
5177	9747
7031	9748
8349	9749
4723	9750
6524	9751
9113	9752
6586	9753
1719	9754
524	9755
6405	9756
7777	9757
9216	9758
518	9759
9748	9760
4320	9761
9073	9762
7852	9763
9225	9764
8595	9765
7128	9766
4020	9767
158	9768
5347	9769
1148	9770
5906	9771
3493	9772
2516	9773
769	9774
4667	9775
8565	9776
2119	9777
1478	9778
5135	9779
4792	9780
2827	9781
170	9782
2382	9783
8785	9784
3551	9785
5654	9786
1908	9787
6435	9788
6458	9789
8898	9790
8906	9791
392	9792
1159	9793
2356	9794
9306	9795
9462	9796
991	9797
5629	9798
8697	9799
6537	9800
2432	9801
9437	9802
5016	9803
2206	9804
2918	9805
1951	9806
2501	9807
5651	9808
7082	9809
8795	9810
4311	9811
759	9812
1048	9813
1743	9814
7872	9815
33	9816
6895	9817
5193	9818
8311	9819
2275	9820
8183	9821
3948	9822
117	9823
3992	9824
4091	9825
1337	9826
4169	9827
2286	9828
7175	9829
3177	9830
149	9831
4105	9832
3406	9833
1636	9834
4218	9835
7670	9836
4668	9837
8055	9838
7153	9839
8454	9840
1593	9841
1011	9842
1138	9843
6576	9844
6502	9845
2961	9846
6401	9847
1364	9848
1814	9849
2016	9850
9386	9851
4407	9852
9525	9853
7139	9854
8830	9855
2714	9856
138	9857
181	9858
8178	9859
326	9860
8082	9861
3308	9862
1659	9863
6690	9864
8446	9865
5169	9866
4652	9867
6059	9868
4499	9869
5707	9870
3011	9871
6233	9872
9354	9873
4241	9874
3436	9875
1647	9876
6741	9877
8708	9878
1924	9879
9522	9880
2511	9881
3523	9882
9682	9883
343	9884
4848	9885
3797	9886
9685	9887
3967	9888
1816	9889
920	9890
2079	9891
5562	9892
7783	9893
4341	9894
5575	9895
8591	9896
1861	9897
5740	9898
7367	9899
7523	9900
3982	9901
2658	9902
6638	9903
7947	9904
4597	9905
7829	9906
5673	9907
5159	9908
6632	9909
6165	9910
5144	9911
4058	9912
6467	9913
5843	9914
9772	9915
851	9916
170	9917
9490	9918
9551	9919
5133	9920
6939	9921
5047	9922
9082	9923
2816	9924
6	9925
4464	9926
7452	9927
7518	9928
5114	9929
7349	9930
6033	9931
5678	9932
681	9933
2606	9934
8332	9935
5398	9936
4939	9937
3409	9938
9000	9939
7795	9940
96	9941
665	9942
5033	9943
1582	9944
4501	9945
6011	9946
5765	9947
1237	9948
7329	9949
1221	9950
8563	9951
994	9952
3106	9953
1184	9954
6530	9955
6189	9956
3438	9957
8351	9958
2917	9959
3752	9960
6709	9961
3631	9962
3664	9963
1388	9964
9750	9965
3839	9966
6288	9967
903	9968
7233	9969
5338	9970
2457	9971
371	9972
1167	9973
6884	9974
4886	9975
3571	9976
9049	9977
2495	9978
6117	9979
1268	9980
4785	9981
1003	9982
4223	9983
6867	9984
14	9985
3624	9986
3382	9987
9277	9988
9268	9989
6375	9990
1289	9991
919	9992
9764	9993
3242	9994
7250	9995
3742	9996
3379	9997
1406	9998
5126	9999
7066	10000
